	19
Beijing	0	0.030303030303030276	0.2272727272727273	0.40909090909090906	0.1515151515151515	0.24242424242424243	0.0757575757575758	0.045454545454545414	0.21212121212121215	0.28787878787878785	0.33333333333333337	0.09090909090909094	0.045454545454545414	0.18181818181818177	0.3787878787878788	0.09090909090909094	0.3939393939393939	0.12121212121212122	0.4769230769230769
Changsha	0.030303030303030276	0	0.18181818181818177	0.33333333333333337	0.1515151515151515	0.12121212121212122	0.06060606060606055	0.045454545454545414	0.12121212121212122	0.16666666666666663	0.28787878787878785	0.030303030303030276	0.030303030303030276	0.13636363636363635	0.2727272727272727	0.09090909090909094	0.33333333333333337	0.12121212121212122	0.46153846153846156
Chengdu	0.2272727272727273	0.18181818181818177	0	0.43939393939393945	0.31818181818181823	0.2272727272727273	0.18181818181818177	0.2272727272727273	0.2272727272727273	0.25757575757575757	0.31818181818181823	0.16666666666666663	0.13636363636363635	0.24242424242424243	0.33333333333333337	0.16666666666666663	0.40909090909090906	0.18181818181818177	0.523076923076923
Fuzhou	0.40909090909090906	0.33333333333333337	0.43939393939393945	0	0.4696969696969697	0.43939393939393945	0.3939393939393939	0.4242424242424242	0.3939393939393939	0.5	0.48484848484848486	0.3484848484848485	0.3787878787878788	0.4242424242424242	0.5	0.4242424242424242	0.48484848484848486	0.4242424242424242	0.41538461538461535
Guangzhou	0.1515151515151515	0.1515151515151515	0.31818181818181823	0.4696969696969697	0	0.31818181818181823	0.2272727272727273	0.19696969696969702	0.303030303030303	0.3787878787878788	0.3787878787878788	0.19696969696969702	0.19696969696969702	0.31818181818181823	0.4242424242424242	0.2272727272727273	0.40909090909090906	0.25757575757575757	0.5384615384615384
Guilin	0.24242424242424243	0.12121212121212122	0.2272727272727273	0.43939393939393945	0.31818181818181823	0	0.24242424242424243	0.25757575757575757	0.18181818181818177	0.25757575757575757	0.28787878787878785	0.16666666666666663	0.19696969696969702	0.28787878787878785	0.36363636363636365	0.2272727272727273	0.3787878787878788	0.28787878787878785	0.5384615384615384
Ha_erbin	0.0757575757575758	0.06060606060606055	0.18181818181818177	0.3939393939393939	0.2272727272727273	0.24242424242424243	0	0.09090909090909094	0.2272727272727273	0.28787878787878785	0.31818181818181823	0.10606060606060608	0.06060606060606055	0.13636363636363635	0.3484848484848485	0.10606060606060608	0.36363636363636365	0.13636363636363635	0.46153846153846156
Jinan	0.045454545454545414	0.045454545454545414	0.2272727272727273	0.4242424242424242	0.19696969696969702	0.25757575757575757	0.09090909090909094	0	0.2272727272727273	0.28787878787878785	0.36363636363636365	0.10606060606060608	0.06060606060606055	0.16666666666666663	0.3939393939393939	0.09090909090909094	0.4242424242424242	0.16666666666666663	0.49230769230769234
Jixi	0.21212121212121215	0.12121212121212122	0.2272727272727273	0.3939393939393939	0.303030303030303	0.18181818181818177	0.2272727272727273	0.2272727272727273	0	0.19696969696969702	0.25757575757575757	0.16666666666666663	0.18181818181818177	0.25757575757575757	0.2727272727272727	0.21212121212121215	0.33333333333333337	0.25757575757575757	0.49230769230769234
Loudi	0.28787878787878785	0.16666666666666663	0.25757575757575757	0.5	0.3787878787878788	0.25757575757575757	0.28787878787878785	0.28787878787878785	0.19696969696969702	0	0.31818181818181823	0.25757575757575757	0.24242424242424243	0.28787878787878785	0.28787878787878785	0.25757575757575757	0.40909090909090906	0.28787878787878785	0.5538461538461539
Meixian	0.33333333333333337	0.28787878787878785	0.31818181818181823	0.48484848484848486	0.3787878787878788	0.28787878787878785	0.31818181818181823	0.36363636363636365	0.25757575757575757	0.31818181818181823	0	0.303030303030303	0.31818181818181823	0.36363636363636365	0.36363636363636365	0.28787878787878785	0.3484848484848485	0.36363636363636365	0.4769230769230769
Nanchang	0.09090909090909094	0.030303030303030276	0.16666666666666663	0.3484848484848485	0.19696969696969702	0.16666666666666663	0.10606060606060608	0.10606060606060608	0.16666666666666663	0.25757575757575757	0.303030303030303	0	0.09090909090909094	0.21212121212121215	0.303030303030303	0.10606060606060608	0.31818181818181823	0.2272727272727273	0.46153846153846156
Nanjing	0.045454545454545414	0.030303030303030276	0.13636363636363635	0.3787878787878788	0.19696969696969702	0.19696969696969702	0.06060606060606055	0.06060606060606055	0.18181818181818177	0.24242424242424243	0.31818181818181823	0.09090909090909094	0	0.09090909090909094	0.3484848484848485	0.06060606060606055	0.40909090909090906	0.10606060606060608	0.5076923076923077
Rongcheng	0.18181818181818177	0.13636363636363635	0.24242424242424243	0.4242424242424242	0.31818181818181823	0.28787878787878785	0.13636363636363635	0.16666666666666663	0.25757575757575757	0.28787878787878785	0.36363636363636365	0.21212121212121215	0.09090909090909094	0	0.36363636363636365	0.16666666666666663	0.4242424242424242	0.24242424242424243	0.523076923076923
Suzhou	0.3787878787878788	0.2727272727272727	0.33333333333333337	0.5	0.4242424242424242	0.36363636363636365	0.3484848484848485	0.3939393939393939	0.2727272727272727	0.28787878787878785	0.36363636363636365	0.303030303030303	0.3484848484848485	0.36363636363636365	0	0.3484848484848485	0.3787878787878788	0.36363636363636365	0.5076923076923077
Taiyuan	0.09090909090909094	0.09090909090909094	0.16666666666666663	0.4242424242424242	0.2272727272727273	0.2272727272727273	0.10606060606060608	0.09090909090909094	0.21212121212121215	0.25757575757575757	0.28787878787878785	0.10606060606060608	0.06060606060606055	0.16666666666666663	0.3484848484848485	0	0.3939393939393939	0.16666666666666663	0.5384615384615384
Wenzhou	0.3939393939393939	0.33333333333333337	0.40909090909090906	0.48484848484848486	0.40909090909090906	0.3787878787878788	0.36363636363636365	0.4242424242424242	0.33333333333333337	0.40909090909090906	0.3484848484848485	0.31818181818181823	0.40909090909090906	0.4242424242424242	0.3787878787878788	0.3939393939393939	0	0.4242424242424242	0.5076923076923077
Xi_an	0.12121212121212122	0.12121212121212122	0.18181818181818177	0.4242424242424242	0.25757575757575757	0.28787878787878785	0.13636363636363635	0.16666666666666663	0.25757575757575757	0.28787878787878785	0.36363636363636365	0.2272727272727273	0.10606060606060608	0.24242424242424243	0.36363636363636365	0.16666666666666663	0.4242424242424242	0	0.4769230769230769
Xiamen	0.4769230769230769	0.46153846153846156	0.523076923076923	0.41538461538461535	0.5384615384615384	0.5384615384615384	0.46153846153846156	0.49230769230769234	0.49230769230769234	0.5538461538461539	0.4769230769230769	0.46153846153846156	0.5076923076923077	0.523076923076923	0.5076923076923077	0.5384615384615384	0.5076923076923077	0.4769230769230769	0
