	19
Beijing	0	0.040000000000000036	0.16000000000000003	0.36	0.14	0.20999999999999996	0.050000000000000044	0.030000000000000027	0.18999999999999995	0.25	0.29000000000000004	0.07999999999999996	0.030000000000000027	0.16000000000000003	0.31999999999999995	0.07999999999999996	0.31999999999999995	0.09999999999999998	0.41414141414141414
Changsha	0.040000000000000036	0	0.15000000000000002	0.31999999999999995	0.14	0.13	0.06000000000000005	0.050000000000000044	0.14	0.18000000000000005	0.27	0.050000000000000044	0.040000000000000036	0.15000000000000002	0.25	0.08999999999999997	0.28	0.12	0.41414141414141414
Chengdu	0.16000000000000003	0.15000000000000002	0	0.38	0.26	0.18000000000000005	0.13	0.16000000000000003	0.19999999999999996	0.21999999999999997	0.28	0.14	0.09999999999999998	0.20999999999999996	0.29000000000000004	0.12	0.32999999999999996	0.13	0.4444444444444444
Fuzhou	0.36	0.31999999999999995	0.38	0	0.41000000000000003	0.37	0.33999999999999997	0.37	0.35	0.43999999999999995	0.41000000000000003	0.31999999999999995	0.33999999999999997	0.39	0.43999999999999995	0.37	0.42000000000000004	0.37	0.303030303030303
Guangzhou	0.14	0.14	0.26	0.41000000000000003	0	0.28	0.18999999999999995	0.17000000000000004	0.26	0.33999999999999997	0.32999999999999996	0.16000000000000003	0.17000000000000004	0.29000000000000004	0.36	0.19999999999999996	0.31999999999999995	0.22999999999999998	0.4545454545454546
Guilin	0.20999999999999996	0.13	0.18000000000000005	0.37	0.28	0	0.19999999999999996	0.21999999999999997	0.18999999999999995	0.24	0.27	0.17000000000000004	0.18000000000000005	0.26	0.32999999999999996	0.18999999999999995	0.31999999999999995	0.22999999999999998	0.4444444444444444
Ha_erbin	0.050000000000000044	0.06000000000000005	0.13	0.33999999999999997	0.18999999999999995	0.19999999999999996	0	0.06000000000000005	0.19999999999999996	0.25	0.27	0.08999999999999997	0.040000000000000036	0.10999999999999999	0.30000000000000004	0.08999999999999997	0.30000000000000004	0.09999999999999998	0.3939393939393939
Jinan	0.030000000000000027	0.050000000000000044	0.16000000000000003	0.37	0.17000000000000004	0.21999999999999997	0.06000000000000005	0	0.19999999999999996	0.25	0.31000000000000005	0.08999999999999997	0.040000000000000036	0.15000000000000002	0.32999999999999996	0.07999999999999996	0.33999999999999997	0.13	0.4242424242424242
Jixi	0.18999999999999995	0.14	0.19999999999999996	0.35	0.26	0.18999999999999995	0.19999999999999996	0.19999999999999996	0	0.21999999999999997	0.26	0.15000000000000002	0.17000000000000004	0.24	0.26	0.18999999999999995	0.27	0.22999999999999998	0.43434343434343436
Loudi	0.25	0.18000000000000005	0.21999999999999997	0.43999999999999995	0.33999999999999997	0.24	0.25	0.25	0.21999999999999997	0	0.31000000000000005	0.25	0.21999999999999997	0.28	0.29000000000000004	0.22999999999999998	0.37	0.25	0.48484848484848486
Meixian	0.29000000000000004	0.27	0.28	0.41000000000000003	0.32999999999999996	0.27	0.27	0.31000000000000005	0.26	0.31000000000000005	0	0.28	0.28	0.32999999999999996	0.33999999999999997	0.27	0.31999999999999995	0.31000000000000005	0.41414141414141414
Nanchang	0.07999999999999996	0.050000000000000044	0.14	0.31999999999999995	0.16000000000000003	0.17000000000000004	0.08999999999999997	0.08999999999999997	0.15000000000000002	0.25	0.28	0	0.07999999999999996	0.19999999999999996	0.27	0.09999999999999998	0.26	0.18999999999999995	0.4040404040404041
Nanjing	0.030000000000000027	0.040000000000000036	0.09999999999999998	0.33999999999999997	0.17000000000000004	0.18000000000000005	0.040000000000000036	0.040000000000000036	0.17000000000000004	0.21999999999999997	0.28	0.07999999999999996	0	0.09999999999999998	0.30000000000000004	0.06000000000000005	0.32999999999999996	0.08999999999999997	0.43434343434343436
Rongcheng	0.16000000000000003	0.15000000000000002	0.20999999999999996	0.39	0.29000000000000004	0.26	0.10999999999999999	0.15000000000000002	0.24	0.28	0.32999999999999996	0.19999999999999996	0.09999999999999998	0	0.35	0.17000000000000004	0.38	0.18999999999999995	0.46464646464646464
Suzhou	0.31999999999999995	0.25	0.29000000000000004	0.43999999999999995	0.36	0.32999999999999996	0.30000000000000004	0.32999999999999996	0.26	0.29000000000000004	0.33999999999999997	0.27	0.30000000000000004	0.35	0	0.30000000000000004	0.32999999999999996	0.31999999999999995	0.4545454545454546
Taiyuan	0.07999999999999996	0.08999999999999997	0.12	0.37	0.19999999999999996	0.18999999999999995	0.08999999999999997	0.07999999999999996	0.18999999999999995	0.22999999999999998	0.27	0.09999999999999998	0.06000000000000005	0.17000000000000004	0.30000000000000004	0	0.31999999999999995	0.13	0.4545454545454546
Wenzhou	0.31999999999999995	0.28	0.32999999999999996	0.42000000000000004	0.31999999999999995	0.31999999999999995	0.30000000000000004	0.33999999999999997	0.27	0.37	0.31999999999999995	0.26	0.32999999999999996	0.38	0.32999999999999996	0.31999999999999995	0	0.35	0.4444444444444444
Xi_an	0.09999999999999998	0.12	0.13	0.37	0.22999999999999998	0.22999999999999998	0.09999999999999998	0.13	0.22999999999999998	0.25	0.31000000000000005	0.18999999999999995	0.08999999999999997	0.18999999999999995	0.31999999999999995	0.13	0.35	0	0.41414141414141414
Xiamen	0.41414141414141414	0.41414141414141414	0.4444444444444444	0.303030303030303	0.4545454545454546	0.4444444444444444	0.3939393939393939	0.4242424242424242	0.43434343434343436	0.48484848484848486	0.41414141414141414	0.4040404040404041	0.43434343434343436	0.46464646464646464	0.4545454545454546	0.4545454545454546	0.4444444444444444	0.41414141414141414	0
