	19
Beijing	0	0.17000000000000004	0.44999999999999996	0.63	0.24	0.44999999999999996	0.25	0.18000000000000005	0.42000000000000004	0.55	0.6699999999999999	0.26	0.21999999999999997	0.29000000000000004	0.5800000000000001	0.18000000000000005	0.56	0.28	0.7272727272727273
Changsha	0.17000000000000004	0	0.43999999999999995	0.65	0.33999999999999997	0.33999999999999997	0.18999999999999995	0.13	0.39	0.4	0.6699999999999999	0.19999999999999996	0.13	0.29000000000000004	0.5	0.19999999999999996	0.5800000000000001	0.29000000000000004	0.7171717171717171
Chengdu	0.44999999999999996	0.43999999999999995	0	0.72	0.5900000000000001	0.53	0.4	0.42000000000000004	0.55	0.5900000000000001	0.73	0.45999999999999996	0.33999999999999997	0.49	0.62	0.33999999999999997	0.7	0.43999999999999995	0.7878787878787878
Fuzhou	0.63	0.65	0.72	0	0.64	0.69	0.6799999999999999	0.6699999999999999	0.7	0.76	0.75	0.6599999999999999	0.65	0.7	0.7	0.64	0.7	0.6599999999999999	0.6464646464646464
Guangzhou	0.24	0.33999999999999997	0.5900000000000001	0.64	0	0.5	0.47	0.38	0.48	0.6	0.6599999999999999	0.35	0.37	0.45999999999999996	0.5900000000000001	0.36	0.56	0.4	0.7171717171717171
Guilin	0.44999999999999996	0.33999999999999997	0.53	0.69	0.5	0	0.43999999999999995	0.39	0.47	0.5800000000000001	0.6799999999999999	0.37	0.35	0.47	0.55	0.43999999999999995	0.63	0.44999999999999996	0.7272727272727273
Ha_erbin	0.25	0.18999999999999995	0.4	0.6799999999999999	0.47	0.43999999999999995	0	0.15000000000000002	0.43000000000000005	0.5	0.6699999999999999	0.28	0.17000000000000004	0.26	0.5700000000000001	0.22999999999999998	0.64	0.31000000000000005	0.7474747474747474
Jinan	0.18000000000000005	0.13	0.42000000000000004	0.6699999999999999	0.38	0.39	0.15000000000000002	0	0.41000000000000003	0.5	0.6799999999999999	0.25	0.10999999999999999	0.26	0.54	0.19999999999999996	0.61	0.31999999999999995	0.7272727272727273
Jixi	0.42000000000000004	0.39	0.55	0.7	0.48	0.47	0.43000000000000005	0.41000000000000003	0	0.5800000000000001	0.65	0.43000000000000005	0.36	0.49	0.56	0.44999999999999996	0.5900000000000001	0.42000000000000004	0.7171717171717171
Loudi	0.55	0.4	0.5900000000000001	0.76	0.6	0.5800000000000001	0.5	0.5	0.5800000000000001	0	0.7	0.45999999999999996	0.49	0.56	0.63	0.51	0.69	0.51	0.7777777777777778
Meixian	0.6699999999999999	0.6699999999999999	0.73	0.75	0.6599999999999999	0.6799999999999999	0.6699999999999999	0.6799999999999999	0.65	0.7	0	0.63	0.64	0.7	0.72	0.65	0.69	0.65	0.7878787878787878
Nanchang	0.26	0.19999999999999996	0.45999999999999996	0.6599999999999999	0.35	0.37	0.28	0.25	0.43000000000000005	0.45999999999999996	0.63	0	0.21999999999999997	0.38	0.53	0.27	0.52	0.35	0.6868686868686869
Nanjing	0.21999999999999997	0.13	0.33999999999999997	0.65	0.37	0.35	0.17000000000000004	0.10999999999999999	0.36	0.49	0.64	0.21999999999999997	0	0.25	0.51	0.18000000000000005	0.5900000000000001	0.25	0.6868686868686869
Rongcheng	0.29000000000000004	0.29000000000000004	0.49	0.7	0.45999999999999996	0.47	0.26	0.26	0.49	0.56	0.7	0.38	0.25	0	0.61	0.31000000000000005	0.6599999999999999	0.35	0.7777777777777778
Suzhou	0.5800000000000001	0.5	0.62	0.7	0.5900000000000001	0.55	0.5700000000000001	0.54	0.56	0.63	0.72	0.53	0.51	0.61	0	0.51	0.55	0.54	0.696969696969697
Taiyuan	0.18000000000000005	0.19999999999999996	0.33999999999999997	0.64	0.36	0.43999999999999995	0.22999999999999998	0.19999999999999996	0.44999999999999996	0.51	0.65	0.27	0.18000000000000005	0.31000000000000005	0.51	0	0.5900000000000001	0.29000000000000004	0.7373737373737373
Wenzhou	0.56	0.5800000000000001	0.7	0.7	0.56	0.63	0.64	0.61	0.5900000000000001	0.69	0.69	0.52	0.5900000000000001	0.6599999999999999	0.55	0.5900000000000001	0	0.6	0.7070707070707071
Xi_an	0.28	0.29000000000000004	0.43999999999999995	0.6599999999999999	0.4	0.44999999999999996	0.31000000000000005	0.31999999999999995	0.42000000000000004	0.51	0.65	0.35	0.25	0.35	0.54	0.29000000000000004	0.6	0	0.7171717171717171
Xiamen	0.7272727272727273	0.7171717171717171	0.7878787878787878	0.6464646464646464	0.7171717171717171	0.7272727272727273	0.7474747474747474	0.7272727272727273	0.7171717171717171	0.7777777777777778	0.7878787878787878	0.6868686868686869	0.6868686868686869	0.7777777777777778	0.696969696969697	0.7373737373737373	0.7070707070707071	0.7171717171717171	0
