	19
Beijing	0	0.10344827586206895	0.24137931034482762	0.4729064039408867	0.14778325123152714	0.28078817733990147	0.13300492610837433	0.09359605911330049	0.28078817733990147	0.3349753694581281	0.4285714285714286	0.14778325123152714	0.1280788177339901	0.18719211822660098	0.37438423645320196	0.09359605911330049	0.3694581280788177	0.14778325123152714	0.4801980198019802
Changsha	0.10344827586206895	0	0.24630541871921185	0.46798029556650245	0.2068965517241379	0.21674876847290636	0.11330049261083741	0.08374384236453203	0.2660098522167488	0.24137931034482762	0.4236453201970444	0.11330049261083741	0.09852216748768472	0.19704433497536944	0.3201970443349754	0.12315270935960587	0.3793103448275862	0.1724137931034483	0.47029702970297027
Chengdu	0.24137931034482762	0.24630541871921185	0	0.5221674876847291	0.3201970443349754	0.3300492610837439	0.21182266009852213	0.22660098522167482	0.3300492610837439	0.3645320197044335	0.4630541871921182	0.26108374384236455	0.1921182266009852	0.29064039408866993	0.40394088669950734	0.18719211822660098	0.43842364532019706	0.24630541871921185	0.5099009900990099
Fuzhou	0.4729064039408867	0.46798029556650245	0.5221674876847291	0	0.46798029556650245	0.48768472906403937	0.49753694581280783	0.4926108374384236	0.5073891625615763	0.5369458128078818	0.5123152709359606	0.4729064039408867	0.4778325123152709	0.5172413793103448	0.5172413793103448	0.4778325123152709	0.5172413793103448	0.48768472906403937	0.42079207920792083
Guangzhou	0.14778325123152714	0.2068965517241379	0.3201970443349754	0.46798029556650245	0	0.3201970443349754	0.26108374384236455	0.21674876847290636	0.31034482758620685	0.3694581280788177	0.40886699507389157	0.21182266009852213	0.2216748768472906	0.28078817733990147	0.38916256157635465	0.20197044334975367	0.3793103448275862	0.22660098522167482	0.47029702970297027
Guilin	0.28078817733990147	0.21674876847290636	0.3300492610837439	0.48768472906403937	0.3201970443349754	0	0.28078817733990147	0.2512315270935961	0.3201970443349754	0.3793103448275862	0.4285714285714286	0.24137931034482762	0.23152709359605916	0.32512315270935965	0.37438423645320196	0.28078817733990147	0.43349753694581283	0.2857142857142857	0.49504950495049505
Ha_erbin	0.13300492610837433	0.11330049261083741	0.21182266009852213	0.49753694581280783	0.26108374384236455	0.28078817733990147	0	0.08374384236453203	0.28078817733990147	0.3152709359605911	0.4285714285714286	0.16256157635467983	0.10344827586206895	0.16748768472906406	0.37438423645320196	0.12315270935960587	0.4137931034482759	0.1724137931034483	0.49504950495049505
Jinan	0.09359605911330049	0.08374384236453203	0.22660098522167482	0.4926108374384236	0.21674876847290636	0.2512315270935961	0.08374384236453203	0	0.27586206896551724	0.31034482758620685	0.43842364532019706	0.1428571428571429	0.07389162561576357	0.16748768472906406	0.35467980295566504	0.10837438423645318	0.3990147783251231	0.1724137931034483	0.4801980198019802
Jixi	0.28078817733990147	0.2660098522167488	0.3300492610837439	0.5073891625615763	0.31034482758620685	0.3201970443349754	0.28078817733990147	0.27586206896551724	0	0.37438423645320196	0.43842364532019706	0.29064039408866993	0.23152709359605916	0.3349753694581281	0.3842364532019704	0.29064039408866993	0.3990147783251231	0.27586206896551724	0.4801980198019802
Loudi	0.3349753694581281	0.24137931034482762	0.3645320197044335	0.5369458128078818	0.3694581280788177	0.3793103448275862	0.3152709359605911	0.31034482758620685	0.37438423645320196	0	0.458128078817734	0.270935960591133	0.3054187192118226	0.3645320197044335	0.3990147783251231	0.3201970443349754	0.4433497536945813	0.3152709359605911	0.5148514851485149
Meixian	0.4285714285714286	0.4236453201970444	0.4630541871921182	0.5123152709359606	0.40886699507389157	0.4285714285714286	0.4285714285714286	0.43842364532019706	0.43842364532019706	0.458128078817734	0	0.40886699507389157	0.41871921182266014	0.4630541871921182	0.4778325123152709	0.40886699507389157	0.4729064039408867	0.41871921182266014	0.5148514851485149
Nanchang	0.14778325123152714	0.11330049261083741	0.26108374384236455	0.4729064039408867	0.21182266009852213	0.24137931034482762	0.16256157635467983	0.1428571428571429	0.29064039408866993	0.270935960591133	0.40886699507389157	0	0.1428571428571429	0.24137931034482762	0.33990147783251234	0.1576354679802956	0.3448275862068966	0.20197044334975367	0.4554455445544554
Nanjing	0.1280788177339901	0.09852216748768472	0.1921182266009852	0.4778325123152709	0.2216748768472906	0.23152709359605916	0.10344827586206895	0.07389162561576357	0.23152709359605916	0.3054187192118226	0.41871921182266014	0.1428571428571429	0	0.1724137931034483	0.3300492610837439	0.11330049261083741	0.38916256157635465	0.13793103448275867	0.4653465346534653
Rongcheng	0.18719211822660098	0.19704433497536944	0.29064039408866993	0.5172413793103448	0.28078817733990147	0.32512315270935965	0.16748768472906406	0.16748768472906406	0.3349753694581281	0.3645320197044335	0.4630541871921182	0.24137931034482762	0.1724137931034483	0	0.40886699507389157	0.19704433497536944	0.4433497536945813	0.21674876847290636	0.5297029702970297
Suzhou	0.37438423645320196	0.3201970443349754	0.40394088669950734	0.5172413793103448	0.38916256157635465	0.37438423645320196	0.37438423645320196	0.35467980295566504	0.3842364532019704	0.3990147783251231	0.4778325123152709	0.33990147783251234	0.3300492610837439	0.40886699507389157	0	0.33990147783251234	0.40394088669950734	0.35960591133004927	0.48514851485148514
Taiyuan	0.09359605911330049	0.12315270935960587	0.18719211822660098	0.4778325123152709	0.20197044334975367	0.28078817733990147	0.12315270935960587	0.10837438423645318	0.29064039408866993	0.3201970443349754	0.40886699507389157	0.1576354679802956	0.11330049261083741	0.19704433497536944	0.33990147783251234	0	0.3842364532019704	0.1576354679802956	0.4801980198019802
Wenzhou	0.3694581280788177	0.3793103448275862	0.43842364532019706	0.5172413793103448	0.3793103448275862	0.43349753694581283	0.4137931034482759	0.3990147783251231	0.3990147783251231	0.4433497536945813	0.4729064039408867	0.3448275862068966	0.38916256157635465	0.4433497536945813	0.40394088669950734	0.3842364532019704	0	0.3940886699507389	0.4900990099009901
Xi_an	0.14778325123152714	0.1724137931034483	0.24630541871921185	0.48768472906403937	0.22660098522167482	0.2857142857142857	0.1724137931034483	0.1724137931034483	0.27586206896551724	0.3152709359605911	0.41871921182266014	0.20197044334975367	0.13793103448275867	0.21674876847290636	0.35960591133004927	0.1576354679802956	0.3940886699507389	0	0.4801980198019802
Xiamen	0.4801980198019802	0.47029702970297027	0.5099009900990099	0.42079207920792083	0.47029702970297027	0.49504950495049505	0.49504950495049505	0.4801980198019802	0.4801980198019802	0.5148514851485149	0.5148514851485149	0.4554455445544554	0.4653465346534653	0.5297029702970297	0.48514851485148514	0.4801980198019802	0.4900990099009901	0.4801980198019802	0
