 19
Beijing_Man 0.0000 0.1485 0.0941 0.2921 0.1832 0.1832 0.0297 0.0100 0.1634 0.1584 0.2129 0.1238 0.0495 0.1045 0.2488 0.0297 0.2228 0.2750 0.0545
Changsha_Xi 0.1485 0.0000 0.1832 0.3168 0.2228 0.2030 0.1584 0.1542 0.2030 0.1337 0.2426 0.1584 0.1683 0.2139 0.2438 0.1634 0.2475 0.2950 0.1832
Chengdu_Man 0.0941 0.1832 0.0000 0.3168 0.2277 0.2030 0.0842 0.0945 0.1782 0.1733 0.2376 0.1634 0.0743 0.1443 0.2637 0.0990 0.2475 0.3000 0.0990
Fuzhou_Min 0.2921 0.3168 0.3168 0.0000 0.3267 0.3069 0.2921 0.2985 0.3119 0.3267 0.2871 0.2970 0.2921 0.3333 0.3532 0.2970 0.3366 0.2150 0.3020
Guangzhou_Y 0.1832 0.2228 0.2277 0.3267 0.0000 0.2426 0.2030 0.1841 0.2376 0.2475 0.2475 0.2129 0.2030 0.2388 0.2985 0.1832 0.2673 0.3200 0.2030
Guilin_Pin 0.1832 0.2030 0.2030 0.3069 0.2426 0.0000 0.1931 0.1841 0.1980 0.2129 0.2277 0.1733 0.1832 0.2338 0.2637 0.1782 0.2624 0.3100 0.2030
Haerbin_Man 0.0297 0.1584 0.0842 0.2921 0.2030 0.1931 0.0000 0.0348 0.1683 0.1634 0.2178 0.1386 0.0495 0.0846 0.2488 0.0446 0.2277 0.2800 0.0545
Jinan_Man  0.0100 0.1542 0.0945 0.2985 0.1841 0.1841 0.0348 0.0000 0.1642 0.1642 0.2239 0.1244 0.0448 0.1000 0.2550 0.0299 0.2338 0.2814 0.0547
Jixi_Hui   0.1634 0.2030 0.1782 0.3119 0.2376 0.1980 0.1683 0.1642 0.0000 0.1980 0.2327 0.1634 0.1535 0.2090 0.2736 0.1683 0.2277 0.3000 0.1881
Loudi_Xia  0.1584 0.1337 0.1733 0.3267 0.2475 0.2129 0.1634 0.1642 0.1980 0.0000 0.2475 0.1733 0.1634 0.2090 0.2488 0.1733 0.2475 0.3050 0.1733
Meixian_Hak 0.2129 0.2426 0.2376 0.2871 0.2475 0.2277 0.2178 0.2239 0.2327 0.2475 0.0000 0.2228 0.2277 0.2488 0.2935 0.2129 0.2723 0.2950 0.2277
Nanchang_Ga 0.1238 0.1584 0.1634 0.2970 0.2129 0.1733 0.1386 0.1244 0.1634 0.1733 0.2228 0.0000 0.1436 0.1940 0.2438 0.1337 0.2178 0.3000 0.1584
Nanjing_Man 0.0495 0.1683 0.0743 0.2921 0.2030 0.1832 0.0495 0.0448 0.1535 0.1634 0.2277 0.1436 0.0000 0.0995 0.2388 0.0545 0.2376 0.2850 0.0644
Rongcheng_M 0.1045 0.2139 0.1443 0.3333 0.2388 0.2338 0.0846 0.1000 0.2090 0.2090 0.2488 0.1940 0.0995 0.0000 0.2800 0.1144 0.2687 0.3266 0.1095
Suzhou_Wu  0.2488 0.2438 0.2637 0.3532 0.2985 0.2637 0.2488 0.2550 0.2736 0.2488 0.2935 0.2438 0.2388 0.2800 0.0000 0.2537 0.2488 0.3266 0.2736
Taiyuan_Jin 0.0297 0.1634 0.0990 0.2970 0.1832 0.1782 0.0446 0.0299 0.1683 0.1733 0.2129 0.1337 0.0545 0.1144 0.2537 0.0000 0.2228 0.2850 0.0545
Wenzhou_Wu 0.2228 0.2475 0.2475 0.3366 0.2673 0.2624 0.2277 0.2338 0.2277 0.2475 0.2723 0.2178 0.2376 0.2687 0.2488 0.2228 0.0000 0.3200 0.2426
Xiamen_Min 0.2750 0.2950 0.3000 0.2150 0.3200 0.3100 0.2800 0.2814 0.3000 0.3050 0.2950 0.3000 0.2850 0.3266 0.3266 0.2850 0.3200 0.0000 0.3050
XiAn_Man   0.0545 0.1832 0.0990 0.3020 0.2030 0.2030 0.0545 0.0547 0.1881 0.1733 0.2277 0.1584 0.0644 0.1095 0.2736 0.0545 0.2426 0.3050 0.0000
