 19
Beijing_Man 0.0000 0.1421 0.1045 0.3781 0.1154 0.1842 0.0493 0.0297 0.1878 0.1900 0.2663 0.1385 0.0690 0.1238 0.2732 0.0542 0.2800 0.0690 0.3535
Changsha_Xi 0.1421 0.0000 0.1640 0.3511 0.1200 0.1271 0.1526 0.1323 0.1452 0.0847 0.2193 0.1022 0.1526 0.1947 0.2120 0.1368 0.2487 0.1684 0.3387
Chengdu_Man 0.1045 0.1640 0.0000 0.3970 0.1602 0.1809 0.0945 0.1000 0.1795 0.1919 0.2778 0.1658 0.0945 0.1550 0.2708 0.1095 0.2915 0.1144 0.3706
Fuzhou_Min 0.3781 0.3511 0.3970 0.0000 0.3352 0.3404 0.3731 0.3750 0.3744 0.4040 0.3604 0.3472 0.3682 0.3950 0.4093 0.3731 0.4121 0.3881 0.2500
Guangzhou_Y 0.1154 0.1200 0.1602 0.3352 0.0000 0.1445 0.1484 0.1215 0.1676 0.1878 0.2088 0.1412 0.1429 0.1868 0.2458 0.1264 0.2265 0.1429 0.3146
Guilin_Pin 0.1842 0.1271 0.1809 0.3404 0.1445 0.0000 0.2000 0.1799 0.1613 0.1809 0.2086 0.1351 0.1842 0.2275 0.2486 0.1684 0.2620 0.2053 0.3243
Haerbin_Man 0.0493 0.1526 0.0945 0.3731 0.1484 0.2000 0.0000 0.0545 0.1980 0.2050 0.2764 0.1538 0.0690 0.0990 0.2784 0.0690 0.2800 0.0887 0.3485
Jinan_Man  0.0297 0.1323 0.1000 0.3750 0.1215 0.1799 0.0545 0.0000 0.1888 0.1910 0.2778 0.1340 0.0594 0.1095 0.2746 0.0446 0.2915 0.0842 0.3503
Jixi_Hui   0.1878 0.1452 0.1795 0.3744 0.1676 0.1613 0.1980 0.1888 0.0000 0.1939 0.2423 0.1510 0.1777 0.2234 0.2540 0.1777 0.2513 0.2183 0.3523
Loudi_Xia  0.1900 0.0847 0.1919 0.4040 0.1878 0.1809 0.2050 0.1910 0.1939 0.0000 0.2690 0.1649 0.1950 0.2261 0.2304 0.1900 0.2843 0.2000 0.3776
Meixian_Hak 0.2663 0.2193 0.2778 0.3604 0.2088 0.2086 0.2764 0.2778 0.2423 0.2690 0.0000 0.2147 0.2864 0.3030 0.2895 0.2513 0.2857 0.2915 0.3247
Nanchang_Ga 0.1385 0.1022 0.1658 0.3472 0.1412 0.1351 0.1538 0.1340 0.1510 0.1649 0.2147 0.0000 0.1487 0.2051 0.2234 0.1282 0.2280 0.1897 0.3351
Nanjing_Man 0.0690 0.1526 0.0945 0.3682 0.1429 0.1842 0.0690 0.0594 0.1777 0.1950 0.2864 0.1487 0.0000 0.1040 0.2629 0.0690 0.2950 0.0985 0.3586
Rongcheng_M 0.1238 0.1947 0.1550 0.3950 0.1868 0.2275 0.0990 0.1095 0.2234 0.2261 0.3030 0.2051 0.1040 0.0000 0.2938 0.1238 0.3150 0.1436 0.3858
Suzhou_Wu  0.2732 0.2120 0.2708 0.4093 0.2458 0.2486 0.2784 0.2746 0.2540 0.2304 0.2895 0.2234 0.2629 0.2938 0.0000 0.2629 0.2694 0.2835 0.3651
Taiyuan_Jin 0.0542 0.1368 0.1095 0.3731 0.1264 0.1684 0.0690 0.0446 0.1777 0.1900 0.2513 0.1282 0.0690 0.1238 0.2629 0.0000 0.2750 0.0887 0.3535
Wenzhou_Wu 0.2800 0.2487 0.2915 0.4121 0.2265 0.2620 0.2800 0.2915 0.2513 0.2843 0.2857 0.2280 0.2950 0.3150 0.2694 0.2750 0.0000 0.3050 0.3724
XiAn_Man   0.0690 0.1684 0.1144 0.3881 0.1429 0.2053 0.0887 0.0842 0.2183 0.2000 0.2915 0.1897 0.0985 0.1436 0.2835 0.0887 0.3050 0.0000 0.3838
Xiamen_Min 0.3535 0.3387 0.3706 0.2500 0.3146 0.3243 0.3485 0.3503 0.3523 0.3776 0.3247 0.3351 0.3586 0.3858 0.3651 0.3535 0.3724 0.3838 0.0000
