 19
Beijing_Man 0.0000 0.0542 0.1429 0.4039 0.1330 0.2315 0.0690 0.0394 0.2118 0.2463 0.3103 0.0887 0.0690 0.1527 0.3153 0.0640 0.3103 0.1133 0.4257
Changsha_Xi 0.0542 0.0000 0.1626 0.3744 0.1429 0.1970 0.0788 0.0640 0.2020 0.1872 0.2906 0.0788 0.0739 0.1576 0.2759 0.0936 0.3005 0.1429 0.4109
Chengdu_Man 0.1429 0.1626 0.0000 0.4286 0.2167 0.2463 0.1232 0.1576 0.2167 0.2759 0.3153 0.1675 0.1182 0.2118 0.3153 0.1281 0.3251 0.1379 0.4257
Fuzhou_Min 0.4039 0.3744 0.4286 0.0000 0.4138 0.3941 0.4089 0.4039 0.4138 0.4286 0.4089 0.3695 0.3842 0.4335 0.4433 0.3941 0.4483 0.4138 0.3218
Guangzhou_Y 0.1330 0.1429 0.2167 0.4138 0.0000 0.2611 0.1921 0.1478 0.2463 0.2759 0.2956 0.1576 0.1527 0.2365 0.3251 0.1576 0.3251 0.1823 0.4257
Guilin_Pin 0.2315 0.1970 0.2463 0.3941 0.2611 0.0000 0.2512 0.2217 0.2512 0.2956 0.3153 0.2069 0.2020 0.2956 0.3300 0.2365 0.3547 0.2512 0.4257
Haerbin_Man 0.0690 0.0788 0.1232 0.4089 0.1921 0.2512 0.0000 0.0739 0.2217 0.2512 0.3202 0.1232 0.0837 0.1281 0.3103 0.0837 0.3251 0.1330 0.4307
Jinan_Man  0.0394 0.0640 0.1576 0.4039 0.1478 0.2217 0.0739 0.0000 0.2118 0.2463 0.3350 0.0985 0.0690 0.1429 0.3005 0.0837 0.3202 0.1330 0.4158
Jixi_Hui   0.2118 0.2020 0.2167 0.4138 0.2463 0.2512 0.2217 0.2118 0.0000 0.2808 0.3350 0.2020 0.1773 0.2611 0.3103 0.2167 0.3153 0.2217 0.4257
Loudi_Xia  0.2463 0.1872 0.2759 0.4286 0.2759 0.2956 0.2512 0.2463 0.2808 0.0000 0.3350 0.2069 0.2365 0.2906 0.2956 0.2414 0.3399 0.2562 0.4554
Meixian_Hak 0.3103 0.2906 0.3153 0.4089 0.2956 0.3153 0.3202 0.3350 0.3350 0.3350 0.0000 0.2956 0.3153 0.3645 0.3842 0.2956 0.3645 0.3153 0.4257
Nanchang_Ga 0.0887 0.0788 0.1675 0.3695 0.1576 0.2069 0.1232 0.0985 0.2020 0.2069 0.2956 0.0000 0.0936 0.1970 0.2660 0.1034 0.2709 0.1626 0.4010
Nanjing_Man 0.0690 0.0739 0.1182 0.3842 0.1527 0.2020 0.0837 0.0690 0.1773 0.2365 0.3153 0.0936 0.0000 0.1281 0.2808 0.0837 0.3153 0.0936 0.4109
Rongcheng_M 0.1527 0.1576 0.2118 0.4335 0.2365 0.2956 0.1281 0.1429 0.2611 0.2906 0.3645 0.1970 0.1281 0.0000 0.3448 0.1724 0.3842 0.1872 0.4752
Suzhou_Wu  0.3153 0.2759 0.3153 0.4433 0.3251 0.3300 0.3103 0.3005 0.3103 0.2956 0.3842 0.2660 0.2808 0.3448 0.0000 0.3005 0.3448 0.3054 0.4406
Taiyuan_Jin 0.0640 0.0936 0.1281 0.3941 0.1576 0.2365 0.0837 0.0837 0.2167 0.2414 0.2956 0.1034 0.0837 0.1724 0.3005 0.0000 0.3153 0.1281 0.4109
Wenzhou_Wu 0.3103 0.3005 0.3251 0.4483 0.3251 0.3547 0.3251 0.3202 0.3153 0.3399 0.3645 0.2709 0.3153 0.3842 0.3448 0.3153 0.0000 0.3251 0.4356
XiAn_Man   0.1133 0.1429 0.1379 0.4138 0.1823 0.2512 0.1330 0.1330 0.2217 0.2562 0.3153 0.1626 0.0936 0.1872 0.3054 0.1281 0.3251 0.0000 0.4208
Xiamen_Min 0.4257 0.4109 0.4257 0.3218 0.4257 0.4257 0.4307 0.4158 0.4257 0.4554 0.4257 0.4010 0.4109 0.4752 0.4406 0.4109 0.4356 0.4208 0.0000
