 19
Beijing_Man 0.0000 0.2673 0.2723 0.5099 0.2475 0.3267 0.1436 0.0995 0.3168 0.3564 0.4554 0.2475 0.1485 0.1841 0.4129 0.1238 0.4208 0.5000 0.1683
Changsha_Xi 0.2673 0.0000 0.3812 0.5248 0.3317 0.3069 0.2673 0.2289 0.3366 0.2525 0.4653 0.2525 0.2574 0.3035 0.3930 0.2822 0.4455 0.5100 0.3218
Chengdu_Man 0.2723 0.3812 0.0000 0.5743 0.4158 0.4109 0.2376 0.2438 0.3960 0.4059 0.5050 0.3564 0.2178 0.3134 0.4726 0.2426 0.5000 0.5550 0.2673
Fuzhou_Min 0.5099 0.5248 0.5743 0.0000 0.5050 0.5198 0.5347 0.5274 0.5297 0.5594 0.5347 0.5198 0.5198 0.5522 0.5373 0.5198 0.5495 0.4250 0.5396
Guangzhou_Y 0.2475 0.3317 0.4158 0.5050 0.0000 0.3416 0.3564 0.3085 0.3564 0.3960 0.4307 0.3168 0.3218 0.3383 0.4229 0.2970 0.4208 0.5000 0.3218
Guilin_Pin 0.3267 0.3069 0.4109 0.5198 0.3416 0.0000 0.3564 0.3134 0.3614 0.3960 0.4455 0.2921 0.3069 0.3682 0.4129 0.3317 0.4604 0.5100 0.3564
Haerbin_Man 0.1436 0.2673 0.2376 0.5347 0.3564 0.3564 0.0000 0.0945 0.3416 0.3564 0.4653 0.2772 0.1188 0.1791 0.4328 0.1535 0.4653 0.5200 0.1980
Jinan_Man  0.0995 0.2289 0.2438 0.5274 0.3085 0.3134 0.0945 0.0000 0.3134 0.3383 0.4577 0.2338 0.0945 0.1650 0.4050 0.1244 0.4378 0.5075 0.1891
Jixi_Hui   0.3168 0.3366 0.3960 0.5297 0.3564 0.3614 0.3416 0.3134 0.0000 0.4010 0.4802 0.3168 0.2970 0.3582 0.4328 0.3416 0.4307 0.5100 0.3465
Loudi_Xia  0.3564 0.2525 0.4059 0.5594 0.3960 0.3960 0.3564 0.3383 0.4010 0.0000 0.4802 0.3267 0.3515 0.3682 0.4229 0.3515 0.4604 0.5350 0.3564
Meixian_Hak 0.4554 0.4653 0.5050 0.5347 0.4307 0.4455 0.4653 0.4577 0.4802 0.4802 0.0000 0.4406 0.4653 0.4826 0.4925 0.4356 0.5050 0.5350 0.4703
Nanchang_Ga 0.2475 0.2525 0.3564 0.5198 0.3168 0.2921 0.2772 0.2338 0.3168 0.3267 0.4406 0.0000 0.2475 0.3085 0.3831 0.2574 0.4010 0.5000 0.3020
Nanjing_Man 0.1485 0.2574 0.2178 0.5198 0.3218 0.3069 0.1188 0.0945 0.2970 0.3515 0.4653 0.2475 0.0000 0.1791 0.3930 0.1485 0.4455 0.5050 0.1881
Rongcheng_M 0.1841 0.3035 0.3134 0.5522 0.3383 0.3682 0.1791 0.1650 0.3582 0.3682 0.4826 0.3085 0.1791 0.0000 0.4400 0.2090 0.4577 0.5477 0.2289
Suzhou_Wu  0.4129 0.3930 0.4726 0.5373 0.4229 0.4129 0.4328 0.4050 0.4328 0.4229 0.4925 0.3831 0.3930 0.4400 0.0000 0.3930 0.4129 0.5025 0.4129
Taiyuan_Jin 0.1238 0.2822 0.2426 0.5198 0.2970 0.3317 0.1535 0.1244 0.3416 0.3515 0.4356 0.2574 0.1485 0.2090 0.3930 0.0000 0.4208 0.5150 0.1832
Wenzhou_Wu 0.4208 0.4455 0.5000 0.5495 0.4208 0.4604 0.4653 0.4378 0.4307 0.4604 0.5050 0.4010 0.4455 0.4577 0.4129 0.4208 0.0000 0.5150 0.4406
Xiamen_Min 0.5000 0.5100 0.5550 0.4250 0.5000 0.5100 0.5200 0.5075 0.5100 0.5350 0.5350 0.5000 0.5050 0.5477 0.5025 0.5150 0.5150 0.0000 0.5300
XiAn_Man   0.1683 0.3218 0.2673 0.5396 0.3218 0.3564 0.1980 0.1891 0.3465 0.3564 0.4703 0.3020 0.1881 0.2289 0.4129 0.1832 0.4406 0.5300 0.0000
