 19
Beijing_Man 0.0000 0.1980 0.1139 0.3861 0.2079 0.2376 0.0495 0.0299 0.2129 0.2030 0.2822 0.1733 0.0693 0.1244 0.3035 0.0545 0.2921 0.3650 0.0693
Changsha_Xi 0.1980 0.0000 0.2228 0.4010 0.2426 0.2228 0.2079 0.1891 0.2178 0.1485 0.2822 0.1782 0.2079 0.2438 0.2836 0.1931 0.3020 0.3900 0.2228
Chengdu_Man 0.1139 0.2228 0.0000 0.4109 0.2525 0.2426 0.1040 0.1095 0.2129 0.2129 0.2970 0.2079 0.1040 0.1642 0.3085 0.1188 0.3069 0.3850 0.1238
Fuzhou_Min 0.3861 0.4010 0.4109 0.0000 0.4059 0.3911 0.3812 0.3831 0.4010 0.4208 0.3812 0.3812 0.3762 0.4030 0.4378 0.3812 0.4257 0.2700 0.3960
Guangzhou_Y 0.2079 0.2426 0.2525 0.4059 0.0000 0.2723 0.2376 0.2139 0.2673 0.2772 0.2921 0.2525 0.2327 0.2687 0.3333 0.2178 0.3119 0.3950 0.2327
Guilin_Pin 0.2376 0.2228 0.2426 0.3911 0.2723 0.0000 0.2525 0.2338 0.2327 0.2426 0.2723 0.2129 0.2376 0.2786 0.3134 0.2228 0.3218 0.3800 0.2574
Haerbin_Man 0.0495 0.2079 0.1040 0.3812 0.2376 0.2525 0.0000 0.0547 0.2228 0.2178 0.2921 0.1881 0.0693 0.0995 0.3085 0.0693 0.2921 0.3600 0.0891
Jinan_Man  0.0299 0.1891 0.1095 0.3831 0.2139 0.2338 0.0547 0.0000 0.2139 0.2040 0.2935 0.1692 0.0597 0.1100 0.3050 0.0448 0.3035 0.3618 0.0846
Jixi_Hui   0.2129 0.2178 0.2129 0.4010 0.2673 0.2327 0.2228 0.2139 0.0000 0.2228 0.2772 0.1980 0.2030 0.2438 0.3035 0.2030 0.2822 0.3800 0.2426
Loudi_Xia  0.2030 0.1485 0.2129 0.4208 0.2772 0.2426 0.2178 0.2040 0.2228 0.0000 0.2921 0.2030 0.2079 0.2388 0.2736 0.2030 0.3069 0.3950 0.2129
Meixian_Hak 0.2822 0.2822 0.2970 0.3812 0.2921 0.2723 0.2921 0.2935 0.2772 0.2921 0.0000 0.2624 0.3020 0.3184 0.3333 0.2673 0.3119 0.3500 0.3069
Nanchang_Ga 0.1733 0.1782 0.2079 0.3812 0.2525 0.2129 0.1881 0.1692 0.1980 0.2030 0.2624 0.0000 0.1832 0.2338 0.2786 0.1634 0.2673 0.3700 0.2228
Nanjing_Man 0.0693 0.2079 0.1040 0.3762 0.2327 0.2376 0.0693 0.0597 0.2030 0.2079 0.3020 0.1832 0.0000 0.1045 0.2935 0.0693 0.3069 0.3700 0.0990
Rongcheng_M 0.1244 0.2438 0.1642 0.4030 0.2687 0.2786 0.0995 0.1100 0.2438 0.2388 0.3184 0.2338 0.1045 0.0000 0.3200 0.1244 0.3234 0.3970 0.1443
Suzhou_Wu  0.3035 0.2836 0.3085 0.4378 0.3333 0.3134 0.3085 0.3050 0.3035 0.2736 0.3333 0.2786 0.2935 0.3200 0.0000 0.2935 0.3035 0.4020 0.3134
Taiyuan_Jin 0.0545 0.1931 0.1188 0.3812 0.2178 0.2228 0.0693 0.0448 0.2030 0.2030 0.2673 0.1634 0.0693 0.1244 0.2935 0.0000 0.2871 0.3650 0.0891
Wenzhou_Wu 0.2921 0.3020 0.3069 0.4257 0.3119 0.3218 0.2921 0.3035 0.2822 0.3069 0.3119 0.2673 0.3069 0.3234 0.3035 0.2871 0.0000 0.3900 0.3168
Xiamen_Min 0.3650 0.3900 0.3850 0.2700 0.3950 0.3800 0.3600 0.3618 0.3800 0.3950 0.3500 0.3700 0.3700 0.3970 0.4020 0.3650 0.3900 0.0000 0.3950
XiAn_Man   0.0693 0.2228 0.1238 0.3960 0.2327 0.2574 0.0891 0.0846 0.2426 0.2129 0.3069 0.2228 0.0990 0.1443 0.3134 0.0891 0.3168 0.3950 0.0000
