 19
Beijing_Man 0.0000 0.0542 0.1379 0.3990 0.1232 0.2266 0.0690 0.0394 0.2069 0.2365 0.3005 0.0887 0.0690 0.1527 0.3103 0.0640 0.3054 0.1133 0.4208
Changsha_Xi 0.0542 0.0000 0.1478 0.3695 0.1330 0.1921 0.0788 0.0640 0.1970 0.1773 0.2808 0.0739 0.0739 0.1576 0.2660 0.0887 0.2857 0.1429 0.4059
Chengdu_Man 0.1379 0.1478 0.0000 0.4187 0.2020 0.2365 0.1182 0.1527 0.2069 0.2611 0.2956 0.1576 0.1232 0.2069 0.3054 0.1182 0.3103 0.1379 0.4158
Fuzhou_Min 0.3990 0.3695 0.4187 0.0000 0.4089 0.3941 0.3990 0.3941 0.4089 0.4236 0.3990 0.3645 0.3793 0.4286 0.4384 0.3941 0.4433 0.4089 0.3218
Guangzhou_Y 0.1232 0.1330 0.2020 0.4089 0.0000 0.2611 0.1872 0.1429 0.2414 0.2660 0.2857 0.1527 0.1478 0.2315 0.3202 0.1478 0.3202 0.1724 0.4208
Guilin_Pin 0.2266 0.1921 0.2365 0.3941 0.2611 0.0000 0.2512 0.2217 0.2463 0.2906 0.3103 0.2069 0.2020 0.2956 0.3300 0.2315 0.3547 0.2463 0.4257
Haerbin_Man 0.0690 0.0788 0.1182 0.3990 0.1872 0.2512 0.0000 0.0739 0.2217 0.2463 0.3103 0.1182 0.0837 0.1330 0.3054 0.0788 0.3153 0.1281 0.4208
Jinan_Man  0.0394 0.0640 0.1527 0.3941 0.1429 0.2217 0.0739 0.0000 0.2118 0.2414 0.3251 0.0936 0.0690 0.1429 0.2956 0.0788 0.3103 0.1330 0.4059
Jixi_Hui   0.2069 0.1970 0.2069 0.4089 0.2414 0.2463 0.2217 0.2118 0.0000 0.2759 0.3251 0.1970 0.1773 0.2611 0.3103 0.2069 0.3103 0.2167 0.4208
Loudi_Xia  0.2365 0.1773 0.2611 0.4236 0.2660 0.2906 0.2463 0.2414 0.2759 0.0000 0.3251 0.1970 0.2315 0.2906 0.2906 0.2315 0.3350 0.2463 0.4505
Meixian_Hak 0.3005 0.2808 0.2956 0.3990 0.2857 0.3103 0.3103 0.3251 0.3251 0.3251 0.0000 0.2808 0.3103 0.3547 0.3744 0.2808 0.3498 0.3054 0.4158
Nanchang_Ga 0.0887 0.0739 0.1576 0.3645 0.1527 0.2069 0.1182 0.0936 0.1970 0.1970 0.2808 0.0000 0.0936 0.1921 0.2611 0.1034 0.2660 0.1576 0.3960
Nanjing_Man 0.0690 0.0739 0.1232 0.3793 0.1478 0.2020 0.0837 0.0690 0.1773 0.2315 0.3103 0.0936 0.0000 0.1281 0.2759 0.0837 0.3103 0.0936 0.4059
Rongcheng_M 0.1527 0.1576 0.2069 0.4286 0.2315 0.2956 0.1330 0.1429 0.2611 0.2906 0.3547 0.1921 0.1281 0.0000 0.3399 0.1675 0.3744 0.1872 0.4653
Suzhou_Wu  0.3103 0.2660 0.3054 0.4384 0.3202 0.3300 0.3054 0.2956 0.3103 0.2906 0.3744 0.2611 0.2759 0.3399 0.0000 0.2956 0.3448 0.3005 0.4356
Taiyuan_Jin 0.0640 0.0887 0.1182 0.3941 0.1478 0.2315 0.0788 0.0788 0.2069 0.2315 0.2808 0.1034 0.0837 0.1675 0.2956 0.0000 0.3103 0.1281 0.4109
Wenzhou_Wu 0.3054 0.2857 0.3103 0.4433 0.3202 0.3547 0.3153 0.3103 0.3103 0.3350 0.3498 0.2660 0.3103 0.3744 0.3448 0.3103 0.0000 0.3202 0.4307
XiAn_Man   0.1133 0.1429 0.1379 0.4089 0.1724 0.2463 0.1281 0.1330 0.2167 0.2463 0.3054 0.1576 0.0936 0.1872 0.3005 0.1281 0.3202 0.0000 0.4158
Xiamen_Min 0.4208 0.4059 0.4158 0.3218 0.4208 0.4257 0.4208 0.4059 0.4208 0.4505 0.4158 0.3960 0.4059 0.4653 0.4356 0.4109 0.4307 0.4158 0.0000
