 19
Beijing_Man 0.0000 0.0785 0.0846 0.2624 0.0860 0.1224 0.0296 0.0050 0.1357 0.1343 0.1891 0.0761 0.0394 0.0990 0.2000 0.0246 0.1950 0.0443 0.2537
Changsha_Xi 0.0785 0.0000 0.1211 0.2421 0.1056 0.1016 0.0942 0.0842 0.1429 0.0785 0.1789 0.0798 0.0942 0.1518 0.1613 0.0890 0.1895 0.1047 0.2316
Chengdu_Man 0.0846 0.1211 0.0000 0.2800 0.1243 0.1392 0.0746 0.0850 0.1371 0.1508 0.2010 0.1128 0.0597 0.1300 0.2176 0.0846 0.2211 0.0796 0.2700
Fuzhou_Min 0.2624 0.2421 0.2800 0.0000 0.2419 0.2410 0.2624 0.2687 0.2677 0.2900 0.2400 0.2449 0.2574 0.2985 0.2923 0.2624 0.3000 0.2673 0.1950
Guangzhou_Y 0.0860 0.1056 0.1243 0.2419 0.0000 0.1319 0.1075 0.0919 0.1257 0.1568 0.1613 0.0879 0.1075 0.1559 0.2065 0.0806 0.1730 0.1075 0.2283
Guilin_Pin 0.1224 0.1016 0.1392 0.2410 0.1319 0.0000 0.1327 0.1231 0.1443 0.1590 0.1744 0.0990 0.1173 0.1795 0.1990 0.1173 0.1969 0.1378 0.2577
Haerbin_Man 0.0296 0.0942 0.0746 0.2624 0.1075 0.1327 0.0000 0.0347 0.1357 0.1443 0.1891 0.0914 0.0443 0.0743 0.2051 0.0394 0.2000 0.0443 0.2637
Jinan_Man  0.0050 0.0842 0.0850 0.2687 0.0919 0.1231 0.0347 0.0000 0.1313 0.1400 0.2000 0.0714 0.0396 0.0995 0.2062 0.0297 0.2060 0.0495 0.2600
Jixi_Hui   0.1357 0.1429 0.1371 0.2677 0.1257 0.1443 0.1357 0.1313 0.0000 0.1717 0.1929 0.1231 0.1156 0.1809 0.2188 0.1256 0.1929 0.1457 0.2589
Loudi_Xia  0.1343 0.0785 0.1508 0.2900 0.1568 0.1590 0.1443 0.1400 0.1717 0.0000 0.2200 0.1327 0.1343 0.1850 0.1969 0.1443 0.2222 0.1393 0.2714
Meixian_Hak 0.1891 0.1789 0.2010 0.2400 0.1613 0.1744 0.1891 0.2000 0.1929 0.2200 0.0000 0.1744 0.1940 0.2200 0.2383 0.1791 0.2323 0.1891 0.2663
Nanchang_Ga 0.0761 0.0798 0.1128 0.2449 0.0879 0.0990 0.0914 0.0714 0.1231 0.1327 0.1744 0.0000 0.0863 0.1472 0.1832 0.0812 0.1744 0.1015 0.2513
Nanjing_Man 0.0394 0.0942 0.0597 0.2574 0.1075 0.1173 0.0443 0.0396 0.1156 0.1343 0.1940 0.0863 0.0000 0.0941 0.1795 0.0542 0.2050 0.0542 0.2587
Rongcheng_M 0.0990 0.1518 0.1300 0.2985 0.1559 0.1795 0.0743 0.0995 0.1809 0.1850 0.2200 0.1472 0.0941 0.0000 0.2359 0.1089 0.2450 0.0990 0.3050
Suzhou_Wu  0.2000 0.1613 0.2176 0.2923 0.2065 0.1990 0.2051 0.2062 0.2188 0.1969 0.2383 0.1832 0.1795 0.2359 0.0000 0.2000 0.2113 0.2154 0.2746
Taiyuan_Jin 0.0246 0.0890 0.0846 0.2624 0.0806 0.1173 0.0394 0.0297 0.1256 0.1443 0.1791 0.0812 0.0542 0.1089 0.2000 0.0000 0.1900 0.0493 0.2537
Wenzhou_Wu 0.1950 0.1895 0.2211 0.3000 0.1730 0.1969 0.2000 0.2060 0.1929 0.2222 0.2323 0.1744 0.2050 0.2450 0.2113 0.1900 0.0000 0.2050 0.2915
XiAn_Man   0.0443 0.1047 0.0796 0.2673 0.1075 0.1378 0.0443 0.0495 0.1457 0.1393 0.1891 0.1015 0.0542 0.0990 0.2154 0.0493 0.2050 0.0000 0.2736
Xiamen_Min 0.2537 0.2316 0.2700 0.1950 0.2283 0.2577 0.2637 0.2600 0.2589 0.2714 0.2663 0.2513 0.2587 0.3050 0.2746 0.2537 0.2915 0.2736 0.0000
