 19
Beijing_Man 0.0000 0.2094 0.2587 0.4950 0.1559 0.2806 0.1429 0.0941 0.2965 0.3383 0.4428 0.1929 0.1379 0.1832 0.3795 0.1034 0.3900 0.1576 0.4826
Changsha_Xi 0.2094 0.0000 0.3316 0.4842 0.2389 0.2139 0.2147 0.1684 0.2857 0.2042 0.4263 0.1809 0.1990 0.2565 0.3172 0.2199 0.4000 0.2670 0.4684
Chengdu_Man 0.2587 0.3316 0.0000 0.5500 0.3297 0.3505 0.2289 0.2350 0.3604 0.3869 0.4774 0.3077 0.2040 0.3050 0.4352 0.2189 0.4774 0.2587 0.5300
Fuzhou_Min 0.4950 0.4842 0.5500 0.0000 0.4462 0.4923 0.5198 0.5124 0.5101 0.5450 0.5150 0.4898 0.5050 0.5423 0.5128 0.5050 0.5250 0.5198 0.4150
Guangzhou_Y 0.1559 0.2389 0.3297 0.4462 0.0000 0.2637 0.2796 0.2270 0.2678 0.3297 0.3710 0.2033 0.2419 0.2742 0.3587 0.2043 0.3405 0.2312 0.4293
Guilin_Pin 0.2806 0.2139 0.3505 0.4923 0.2637 0.0000 0.3010 0.2615 0.3144 0.3538 0.4205 0.2240 0.2500 0.3231 0.3560 0.2806 0.4093 0.3061 0.4845
Haerbin_Man 0.1429 0.2147 0.2289 0.5198 0.2796 0.3010 0.0000 0.0941 0.3166 0.3433 0.4478 0.2335 0.1084 0.1683 0.4000 0.1478 0.4400 0.1921 0.5075
Jinan_Man  0.0941 0.1684 0.2350 0.5124 0.2270 0.2615 0.0941 0.0000 0.2879 0.3200 0.4450 0.1837 0.0842 0.1642 0.3660 0.1188 0.4121 0.1881 0.4900
Jixi_Hui   0.2965 0.2857 0.3604 0.5101 0.2678 0.3144 0.3166 0.2879 0.0000 0.3788 0.4569 0.2821 0.2663 0.3417 0.3854 0.3015 0.4010 0.3166 0.4822
Loudi_Xia  0.3383 0.2042 0.3869 0.5450 0.3297 0.3538 0.3433 0.3200 0.3788 0.0000 0.4650 0.2857 0.3333 0.3550 0.3834 0.3333 0.4394 0.3383 0.5126
Meixian_Hak 0.4428 0.4263 0.4774 0.5150 0.3710 0.4205 0.4478 0.4450 0.4569 0.4650 0.0000 0.4103 0.4478 0.4700 0.4663 0.4179 0.4798 0.4527 0.5176
Nanchang_Ga 0.1929 0.1809 0.3077 0.4898 0.2033 0.2240 0.2335 0.1837 0.2821 0.2857 0.4103 0.0000 0.1980 0.2741 0.3351 0.2030 0.3590 0.2538 0.4667
Nanjing_Man 0.1379 0.1990 0.2040 0.5050 0.2419 0.2500 0.1084 0.0842 0.2663 0.3333 0.4478 0.1980 0.0000 0.1733 0.3487 0.1429 0.4200 0.1773 0.4876
Rongcheng_M 0.1832 0.2565 0.3050 0.5423 0.2742 0.3231 0.1683 0.1642 0.3417 0.3550 0.4700 0.2741 0.1733 0.0000 0.4154 0.2030 0.4500 0.2277 0.5350
Suzhou_Wu  0.3795 0.3172 0.4352 0.5128 0.3587 0.3560 0.4000 0.3660 0.3854 0.3834 0.4663 0.3351 0.3487 0.4154 0.0000 0.3538 0.3866 0.3795 0.4715
Taiyuan_Jin 0.1034 0.2199 0.2189 0.5050 0.2043 0.2806 0.1478 0.1188 0.3015 0.3333 0.4179 0.2030 0.1429 0.2030 0.3538 0.0000 0.4000 0.1773 0.4925
Wenzhou_Wu 0.3900 0.4000 0.4774 0.5250 0.3405 0.4093 0.4400 0.4121 0.4010 0.4394 0.4798 0.3590 0.4200 0.4500 0.3866 0.4000 0.0000 0.4200 0.4975
XiAn_Man   0.1576 0.2670 0.2587 0.5198 0.2312 0.3061 0.1921 0.1881 0.3166 0.3383 0.4527 0.2538 0.1773 0.2277 0.3795 0.1773 0.4200 0.0000 0.5075
Xiamen_Min 0.4826 0.4684 0.5300 0.4150 0.4293 0.4845 0.5075 0.4900 0.4822 0.5126 0.5176 0.4667 0.4876 0.5350 0.4715 0.4925 0.4975 0.5075 0.0000
