 19
Beijing_Man 0.0000 0.2660 0.2709 0.5074 0.2463 0.3251 0.1429 0.0990 0.3153 0.3547 0.4532 0.2463 0.1478 0.1832 0.4109 0.1232 0.4187 0.1675 0.4975
Changsha_Xi 0.2660 0.0000 0.3793 0.5222 0.3300 0.3054 0.2660 0.2277 0.3350 0.2512 0.4631 0.2512 0.2562 0.3020 0.3911 0.2808 0.4433 0.3202 0.5075
Chengdu_Man 0.2709 0.3793 0.0000 0.5714 0.4138 0.4089 0.2365 0.2426 0.3941 0.4039 0.5025 0.3547 0.2167 0.3119 0.4703 0.2414 0.4975 0.2660 0.5522
Fuzhou_Min 0.5074 0.5222 0.5714 0.0000 0.5025 0.5172 0.5320 0.5248 0.5271 0.5567 0.5320 0.5172 0.5172 0.5495 0.5347 0.5172 0.5468 0.5369 0.4229
Guangzhou_Y 0.2463 0.3300 0.4138 0.5025 0.0000 0.3399 0.3547 0.3069 0.3547 0.3941 0.4286 0.3153 0.3202 0.3366 0.4208 0.2956 0.4187 0.3202 0.4975
Guilin_Pin 0.3251 0.3054 0.4089 0.5172 0.3399 0.0000 0.3547 0.3119 0.3596 0.3941 0.4433 0.2906 0.3054 0.3663 0.4109 0.3300 0.4581 0.3547 0.5075
Haerbin_Man 0.1429 0.2660 0.2365 0.5320 0.3547 0.3547 0.0000 0.0941 0.3399 0.3547 0.4631 0.2759 0.1182 0.1782 0.4307 0.1527 0.4631 0.1970 0.5174
Jinan_Man  0.0990 0.2277 0.2426 0.5248 0.3069 0.3119 0.0941 0.0000 0.3119 0.3366 0.4554 0.2327 0.0941 0.1642 0.4030 0.1238 0.4356 0.1881 0.5050
Jixi_Hui   0.3153 0.3350 0.3941 0.5271 0.3547 0.3596 0.3399 0.3119 0.0000 0.3990 0.4778 0.3153 0.2956 0.3564 0.4307 0.3399 0.4286 0.3448 0.5075
Loudi_Xia  0.3547 0.2512 0.4039 0.5567 0.3941 0.3941 0.3547 0.3366 0.3990 0.0000 0.4778 0.3251 0.3498 0.3663 0.4208 0.3498 0.4581 0.3547 0.5323
Meixian_Hak 0.4532 0.4631 0.5025 0.5320 0.4286 0.4433 0.4631 0.4554 0.4778 0.4778 0.0000 0.4384 0.4631 0.4802 0.4901 0.4335 0.5025 0.4680 0.5323
Nanchang_Ga 0.2463 0.2512 0.3547 0.5172 0.3153 0.2906 0.2759 0.2327 0.3153 0.3251 0.4384 0.0000 0.2463 0.3069 0.3812 0.2562 0.3990 0.3005 0.4975
Nanjing_Man 0.1478 0.2562 0.2167 0.5172 0.3202 0.3054 0.1182 0.0941 0.2956 0.3498 0.4631 0.2463 0.0000 0.1782 0.3911 0.1478 0.4433 0.1872 0.5025
Rongcheng_M 0.1832 0.3020 0.3119 0.5495 0.3366 0.3663 0.1782 0.1642 0.3564 0.3663 0.4802 0.3069 0.1782 0.0000 0.4378 0.2079 0.4554 0.2277 0.5450
Suzhou_Wu  0.4109 0.3911 0.4703 0.5347 0.4208 0.4109 0.4307 0.4030 0.4307 0.4208 0.4901 0.3812 0.3911 0.4378 0.0000 0.3911 0.4109 0.4109 0.5000
Taiyuan_Jin 0.1232 0.2808 0.2414 0.5172 0.2956 0.3300 0.1527 0.1238 0.3399 0.3498 0.4335 0.2562 0.1478 0.2079 0.3911 0.0000 0.4187 0.1823 0.5124
Wenzhou_Wu 0.4187 0.4433 0.4975 0.5468 0.4187 0.4581 0.4631 0.4356 0.4286 0.4581 0.5025 0.3990 0.4433 0.4554 0.4109 0.4187 0.0000 0.4384 0.5124
XiAn_Man   0.1675 0.3202 0.2660 0.5369 0.3202 0.3547 0.1970 0.1881 0.3448 0.3547 0.4680 0.3005 0.1872 0.2277 0.4109 0.1823 0.4384 0.0000 0.5274
Xiamen_Min 0.4975 0.5075 0.5522 0.4229 0.4975 0.5075 0.5174 0.5050 0.5075 0.5323 0.5323 0.4975 0.5025 0.5450 0.5000 0.5124 0.5124 0.5274 0.0000
