 19
Beijing_Man 0.0000 0.0394 0.1034 0.3399 0.0985 0.1675 0.0345 0.0197 0.1675 0.1872 0.2414 0.0591 0.0345 0.1232 0.2512 0.0443 0.2562 0.0640 0.3317
Changsha_Xi 0.0394 0.0000 0.1084 0.3054 0.1084 0.1182 0.0493 0.0443 0.1429 0.1330 0.2266 0.0394 0.0542 0.1281 0.2020 0.0690 0.2365 0.0936 0.3267
Chengdu_Man 0.1034 0.1084 0.0000 0.3596 0.1626 0.1675 0.0837 0.1034 0.1626 0.1872 0.2414 0.1084 0.0788 0.1576 0.2512 0.0837 0.2660 0.0936 0.3515
Fuzhou_Min 0.3399 0.3054 0.3596 0.0000 0.3547 0.3350 0.3300 0.3448 0.3350 0.3842 0.3448 0.3054 0.3251 0.3645 0.3941 0.3448 0.3842 0.3498 0.2574
Guangzhou_Y 0.0985 0.1084 0.1626 0.3547 0.0000 0.2167 0.1232 0.1133 0.2020 0.2414 0.2463 0.1182 0.1232 0.1970 0.2808 0.1232 0.2660 0.1478 0.3465
Guilin_Pin 0.1675 0.1182 0.1675 0.3350 0.2167 0.0000 0.1675 0.1724 0.1921 0.2167 0.2315 0.1527 0.1527 0.2266 0.2709 0.1626 0.2808 0.1872 0.3614
Haerbin_Man 0.0345 0.0493 0.0837 0.3300 0.1232 0.1675 0.0000 0.0394 0.1675 0.1921 0.2315 0.0739 0.0394 0.0887 0.2463 0.0542 0.2512 0.0739 0.3267
Jinan_Man  0.0197 0.0443 0.1034 0.3448 0.1133 0.1724 0.0394 0.0000 0.1724 0.1872 0.2562 0.0640 0.0394 0.1133 0.2562 0.0493 0.2709 0.0837 0.3366
Jixi_Hui   0.1675 0.1429 0.1626 0.3350 0.2020 0.1921 0.1675 0.1724 0.0000 0.1970 0.2463 0.1527 0.1379 0.2118 0.2414 0.1626 0.2463 0.1872 0.3465
Loudi_Xia  0.1872 0.1330 0.1872 0.3842 0.2414 0.2167 0.1921 0.1872 0.1970 0.0000 0.2660 0.1626 0.1724 0.2266 0.2365 0.1823 0.2906 0.1921 0.3762
Meixian_Hak 0.2414 0.2266 0.2414 0.3448 0.2463 0.2315 0.2315 0.2562 0.2463 0.2660 0.0000 0.2315 0.2414 0.2808 0.2956 0.2217 0.2956 0.2512 0.3366
Nanchang_Ga 0.0591 0.0394 0.1084 0.3054 0.1182 0.1527 0.0739 0.0640 0.1527 0.1626 0.2315 0.0000 0.0739 0.1576 0.2167 0.0739 0.2217 0.1281 0.3218
Nanjing_Man 0.0345 0.0542 0.0788 0.3251 0.1232 0.1527 0.0394 0.0394 0.1379 0.1724 0.2414 0.0739 0.0000 0.0985 0.2315 0.0542 0.2660 0.0640 0.3465
Rongcheng_M 0.1232 0.1281 0.1576 0.3645 0.1970 0.2266 0.0887 0.1133 0.2118 0.2266 0.2808 0.1576 0.0985 0.0000 0.2808 0.1281 0.3103 0.1429 0.3812
Suzhou_Wu  0.2512 0.2020 0.2512 0.3941 0.2808 0.2709 0.2463 0.2562 0.2414 0.2365 0.2956 0.2167 0.2315 0.2808 0.0000 0.2414 0.2956 0.2611 0.3762
Taiyuan_Jin 0.0443 0.0690 0.0837 0.3448 0.1232 0.1626 0.0542 0.0493 0.1626 0.1823 0.2217 0.0739 0.0542 0.1281 0.2414 0.0000 0.2562 0.0837 0.3465
Wenzhou_Wu 0.2562 0.2365 0.2660 0.3842 0.2660 0.2808 0.2512 0.2709 0.2463 0.2906 0.2956 0.2217 0.2660 0.3103 0.2956 0.2562 0.0000 0.2808 0.3713
XiAn_Man   0.0640 0.0936 0.0936 0.3498 0.1478 0.1872 0.0739 0.0837 0.1872 0.1921 0.2512 0.1281 0.0640 0.1429 0.2611 0.0837 0.2808 0.0000 0.3416
Xiamen_Min 0.3317 0.3267 0.3515 0.2574 0.3465 0.3614 0.3267 0.3366 0.3465 0.3762 0.3366 0.3218 0.3465 0.3812 0.3762 0.3465 0.3713 0.3416 0.0000
