 19
Beijing_Man 0.0000 0.1361 0.1045 0.3564 0.1129 0.1786 0.0493 0.0198 0.1910 0.1841 0.2587 0.1168 0.0493 0.1188 0.2615 0.0443 0.2700 0.0640 0.3483
Changsha_Xi 0.1361 0.0000 0.1632 0.3474 0.1389 0.1230 0.1466 0.1263 0.1587 0.0942 0.2316 0.1011 0.1414 0.1885 0.2043 0.1309 0.2526 0.1623 0.3421
Chengdu_Man 0.1045 0.1632 0.0000 0.3800 0.1568 0.1753 0.0945 0.1000 0.1726 0.1910 0.2613 0.1538 0.0846 0.1550 0.2642 0.0995 0.2814 0.1045 0.3600
Fuzhou_Min 0.3564 0.3474 0.3800 0.0000 0.3333 0.3436 0.3515 0.3582 0.3687 0.4000 0.3500 0.3367 0.3465 0.3781 0.3949 0.3564 0.4000 0.3713 0.2600
Guangzhou_Y 0.1129 0.1389 0.1568 0.3333 0.0000 0.1758 0.1452 0.1243 0.1694 0.2000 0.2204 0.1319 0.1398 0.1935 0.2554 0.1237 0.2324 0.1452 0.3207
Guilin_Pin 0.1786 0.1230 0.1753 0.3436 0.1758 0.0000 0.1939 0.1744 0.1804 0.1846 0.2256 0.1406 0.1735 0.2256 0.2513 0.1633 0.2642 0.1990 0.3402
Haerbin_Man 0.0493 0.1466 0.0945 0.3515 0.1452 0.1939 0.0000 0.0495 0.1960 0.1990 0.2637 0.1371 0.0542 0.0842 0.2615 0.0591 0.2700 0.0837 0.3483
Jinan_Man  0.0198 0.1263 0.1000 0.3582 0.1243 0.1744 0.0495 0.0000 0.1869 0.1850 0.2700 0.1122 0.0495 0.1095 0.2629 0.0446 0.2814 0.0842 0.3450
Jixi_Hui   0.1910 0.1587 0.1726 0.3687 0.1694 0.1804 0.1960 0.1869 0.0000 0.1970 0.2487 0.1538 0.1709 0.2261 0.2500 0.1658 0.2538 0.2111 0.3503
Loudi_Xia  0.1841 0.0942 0.1910 0.4000 0.2000 0.1846 0.1990 0.1850 0.1970 0.0000 0.2700 0.1633 0.1841 0.2200 0.2228 0.1841 0.2879 0.1940 0.3719
Meixian_Hak 0.2587 0.2316 0.2613 0.3500 0.2204 0.2256 0.2637 0.2700 0.2487 0.2700 0.0000 0.2256 0.2736 0.2950 0.2902 0.2338 0.2879 0.2736 0.3266
Nanchang_Ga 0.1168 0.1011 0.1538 0.3367 0.1319 0.1406 0.1371 0.1122 0.1538 0.1633 0.2256 0.0000 0.1269 0.1929 0.2199 0.1117 0.2308 0.1726 0.3333
Nanjing_Man 0.0493 0.1414 0.0846 0.3465 0.1398 0.1735 0.0542 0.0495 0.1709 0.1841 0.2736 0.1269 0.0000 0.0990 0.2410 0.0690 0.2900 0.0837 0.3532
Rongcheng_M 0.1188 0.1885 0.1550 0.3781 0.1935 0.2256 0.0842 0.1095 0.2261 0.2200 0.2950 0.1929 0.0990 0.0000 0.2821 0.1238 0.3150 0.1436 0.3850
Suzhou_Wu  0.2615 0.2043 0.2642 0.3949 0.2554 0.2513 0.2615 0.2629 0.2500 0.2228 0.2902 0.2199 0.2410 0.2821 0.0000 0.2513 0.2732 0.2718 0.3627
Taiyuan_Jin 0.0443 0.1309 0.0995 0.3564 0.1237 0.1633 0.0591 0.0446 0.1658 0.1841 0.2338 0.1117 0.0690 0.1238 0.2513 0.0000 0.2650 0.0837 0.3383
Wenzhou_Wu 0.2700 0.2526 0.2814 0.4000 0.2324 0.2642 0.2700 0.2814 0.2538 0.2879 0.2879 0.2308 0.2900 0.3150 0.2732 0.2650 0.0000 0.2900 0.3719
XiAn_Man   0.0640 0.1623 0.1045 0.3713 0.1452 0.1990 0.0837 0.0842 0.2111 0.1940 0.2736 0.1726 0.0837 0.1436 0.2718 0.0837 0.2900 0.0000 0.3682
Xiamen_Min 0.3483 0.3421 0.3600 0.2600 0.3207 0.3402 0.3483 0.3450 0.3503 0.3719 0.3266 0.3333 0.3532 0.3850 0.3627 0.3383 0.3719 0.3682 0.0000
