 19
Beijing_Man 0.0000 0.2327 0.1931 0.4653 0.2327 0.2822 0.1040 0.0647 0.2723 0.2871 0.3663 0.2178 0.1188 0.1642 0.3632 0.0891 0.3614 0.4350 0.1386
Changsha_Xi 0.2327 0.0000 0.2970 0.4653 0.2871 0.2723 0.2525 0.2189 0.2772 0.1782 0.3663 0.2079 0.2475 0.2836 0.3532 0.2426 0.3762 0.4550 0.2822
Chengdu_Man 0.1931 0.2970 0.0000 0.5000 0.3416 0.3317 0.1386 0.1642 0.3020 0.3218 0.4010 0.2772 0.1436 0.2338 0.3930 0.1832 0.4010 0.4650 0.1782
Fuzhou_Min 0.4653 0.4653 0.5000 0.0000 0.4752 0.4505 0.4851 0.4677 0.4752 0.4851 0.4505 0.4554 0.4653 0.4975 0.4776 0.4703 0.4950 0.3050 0.4851
Guangzhou_Y 0.2327 0.2871 0.3416 0.4752 0.0000 0.2871 0.3119 0.2637 0.3119 0.3267 0.3416 0.2772 0.2772 0.3134 0.3781 0.2525 0.3713 0.4550 0.2822
Guilin_Pin 0.2822 0.2723 0.3317 0.4505 0.2871 0.0000 0.3267 0.2836 0.2921 0.3119 0.3317 0.2475 0.2822 0.3383 0.3781 0.2822 0.3960 0.4450 0.3218
Haerbin_Man 0.1040 0.2525 0.1386 0.4851 0.3119 0.3267 0.0000 0.0796 0.3020 0.2970 0.3861 0.2525 0.1040 0.1542 0.3881 0.1139 0.3960 0.4500 0.1535
Jinan_Man  0.0647 0.2189 0.1642 0.4677 0.2637 0.2836 0.0796 0.0000 0.2687 0.2736 0.3731 0.2040 0.0846 0.1450 0.3650 0.0896 0.3731 0.4372 0.1443
Jixi_Hui   0.2723 0.2772 0.3020 0.4752 0.3119 0.2921 0.3020 0.2687 0.0000 0.3020 0.3663 0.2475 0.2624 0.3134 0.3582 0.2772 0.3465 0.4450 0.2871
Loudi_Xia  0.2871 0.1782 0.3218 0.4851 0.3267 0.3119 0.2970 0.2736 0.3020 0.0000 0.3614 0.2475 0.2921 0.3184 0.3433 0.2822 0.3713 0.4700 0.2921
Meixian_Hak 0.3663 0.3663 0.4010 0.4505 0.3416 0.3317 0.3861 0.3731 0.3663 0.3614 0.0000 0.3416 0.3861 0.4030 0.3980 0.3515 0.3960 0.4250 0.3861
Nanchang_Ga 0.2178 0.2079 0.2772 0.4554 0.2772 0.2475 0.2525 0.2040 0.2475 0.2475 0.3416 0.0000 0.2277 0.2836 0.3284 0.2129 0.3366 0.4400 0.2624
Nanjing_Man 0.1188 0.2475 0.1436 0.4653 0.2772 0.2822 0.1040 0.0846 0.2624 0.2921 0.3861 0.2277 0.0000 0.1493 0.3632 0.1238 0.3861 0.4450 0.1436
Rongcheng_M 0.1642 0.2836 0.2338 0.4975 0.3134 0.3383 0.1542 0.1450 0.3134 0.3184 0.4030 0.2836 0.1493 0.0000 0.3850 0.1741 0.4030 0.4824 0.1940
Suzhou_Wu  0.3632 0.3532 0.3930 0.4776 0.3781 0.3781 0.3881 0.3650 0.3582 0.3433 0.3980 0.3284 0.3632 0.3850 0.0000 0.3483 0.3433 0.4422 0.3682
Taiyuan_Jin 0.0891 0.2426 0.1832 0.4703 0.2525 0.2822 0.1139 0.0896 0.2772 0.2822 0.3515 0.2129 0.1238 0.1741 0.3483 0.0000 0.3614 0.4400 0.1436
Wenzhou_Wu 0.3614 0.3762 0.4010 0.4950 0.3713 0.3960 0.3960 0.3731 0.3465 0.3713 0.3960 0.3366 0.3861 0.4030 0.3433 0.3614 0.0000 0.4500 0.3861
Xiamen_Min 0.4350 0.4550 0.4650 0.3050 0.4550 0.4450 0.4500 0.4372 0.4450 0.4700 0.4250 0.4400 0.4450 0.4824 0.4422 0.4400 0.4500 0.0000 0.4650
XiAn_Man   0.1386 0.2822 0.1782 0.4851 0.2822 0.3218 0.1535 0.1443 0.2871 0.2921 0.3861 0.2624 0.1436 0.1940 0.3682 0.1436 0.3861 0.4650 0.0000
