 19
Beijing_Man 0.0000 0.2158 0.2637 0.5025 0.1593 0.2789 0.1429 0.0990 0.2944 0.3450 0.4422 0.2154 0.1478 0.1832 0.3866 0.1232 0.4100 0.1675 0.4899
Changsha_Xi 0.2158 0.0000 0.3333 0.4840 0.2229 0.2210 0.2158 0.1746 0.2742 0.1958 0.4171 0.1828 0.2053 0.2579 0.3315 0.2316 0.4021 0.2737 0.4677
Chengdu_Man 0.2637 0.3333 0.0000 0.5628 0.3425 0.3617 0.2289 0.2350 0.3692 0.3889 0.4899 0.3212 0.2090 0.3050 0.4427 0.2338 0.4874 0.2587 0.5431
Fuzhou_Min 0.5025 0.4840 0.5628 0.0000 0.4451 0.4787 0.5274 0.5200 0.5077 0.5455 0.5178 0.4922 0.5124 0.5450 0.5130 0.5124 0.5377 0.5323 0.4082
Guangzhou_Y 0.1593 0.2229 0.3425 0.4451 0.0000 0.2254 0.2802 0.2265 0.2682 0.3204 0.3626 0.2147 0.2418 0.2637 0.3464 0.2143 0.3481 0.2418 0.4326
Guilin_Pin 0.2789 0.2210 0.3617 0.4787 0.2254 0.0000 0.3105 0.2646 0.3011 0.3457 0.3957 0.2216 0.2579 0.3228 0.3568 0.2842 0.4118 0.3105 0.4649
Haerbin_Man 0.1429 0.2158 0.2289 0.5274 0.2802 0.3105 0.0000 0.0941 0.3198 0.3450 0.4523 0.2462 0.1182 0.1782 0.4072 0.1527 0.4550 0.1970 0.5101
Jinan_Man  0.0990 0.1746 0.2350 0.5200 0.2265 0.2646 0.0941 0.0000 0.2908 0.3266 0.4444 0.2010 0.0941 0.1642 0.3782 0.1238 0.4271 0.1881 0.4975
Jixi_Hui   0.2944 0.2742 0.3692 0.5077 0.2682 0.3011 0.3198 0.2908 0.0000 0.3776 0.4536 0.2760 0.2741 0.3401 0.3915 0.3198 0.4051 0.3249 0.4870
Loudi_Xia  0.3450 0.1958 0.3889 0.5455 0.3204 0.3457 0.3450 0.3266 0.3776 0.0000 0.4619 0.2938 0.3400 0.3568 0.3874 0.3400 0.4416 0.3450 0.5204
Meixian_Hak 0.4422 0.4171 0.4899 0.5178 0.3626 0.3957 0.4523 0.4444 0.4536 0.4619 0.0000 0.4031 0.4523 0.4697 0.4579 0.4221 0.4847 0.4573 0.5155
Nanchang_Ga 0.2154 0.1828 0.3212 0.4922 0.2147 0.2216 0.2462 0.2010 0.2760 0.2938 0.4031 0.0000 0.2154 0.2821 0.3351 0.2256 0.3679 0.2718 0.4712
Nanjing_Man 0.1478 0.2053 0.2090 0.5124 0.2418 0.2579 0.1182 0.0941 0.2741 0.3400 0.4523 0.2154 0.0000 0.1782 0.3660 0.1478 0.4350 0.1872 0.4949
Rongcheng_M 0.1832 0.2579 0.3050 0.5450 0.2637 0.3228 0.1782 0.1642 0.3401 0.3568 0.4697 0.2821 0.1782 0.0000 0.4175 0.2079 0.4500 0.2277 0.5381
Suzhou_Wu  0.3866 0.3315 0.4427 0.5130 0.3464 0.3568 0.4072 0.3782 0.3915 0.3874 0.4579 0.3351 0.3660 0.4175 0.0000 0.3660 0.3834 0.3866 0.4709
Taiyuan_Jin 0.1232 0.2316 0.2338 0.5124 0.2143 0.2842 0.1527 0.1238 0.3198 0.3400 0.4221 0.2256 0.1478 0.2079 0.3660 0.0000 0.4100 0.1823 0.5051
Wenzhou_Wu 0.4100 0.4021 0.4874 0.5377 0.3481 0.4118 0.4550 0.4271 0.4051 0.4416 0.4847 0.3679 0.4350 0.4500 0.3834 0.4100 0.0000 0.4300 0.5000
XiAn_Man   0.1675 0.2737 0.2587 0.5323 0.2418 0.3105 0.1970 0.1881 0.3249 0.3450 0.4573 0.2718 0.1872 0.2277 0.3866 0.1823 0.4300 0.0000 0.5202
Xiamen_Min 0.4899 0.4677 0.5431 0.4082 0.4326 0.4649 0.5101 0.4975 0.4870 0.5204 0.5155 0.4712 0.4949 0.5381 0.4709 0.5051 0.5000 0.5202 0.0000
