 19
Beijing_Man 0.0000 0.1789 0.1841 0.4577 0.1429 0.2316 0.1034 0.0644 0.2487 0.2750 0.3518 0.1846 0.1182 0.1634 0.3351 0.0887 0.3500 0.1379 0.4242
Changsha_Xi 0.1789 0.0000 0.2434 0.4202 0.1714 0.1823 0.2000 0.1640 0.2097 0.1164 0.3102 0.1344 0.1947 0.2368 0.2880 0.1895 0.3280 0.2316 0.4086
Chengdu_Man 0.1841 0.2434 0.0000 0.4874 0.2597 0.2766 0.1294 0.1550 0.2718 0.3030 0.3838 0.2383 0.1343 0.2250 0.3594 0.1741 0.3869 0.1692 0.4518
Fuzhou_Min 0.4577 0.4202 0.4874 0.0000 0.4121 0.4043 0.4776 0.4600 0.4513 0.4697 0.4315 0.4249 0.4577 0.4900 0.4508 0.4627 0.4824 0.4776 0.2857
Guangzhou_Y 0.1429 0.1714 0.2597 0.4121 0.0000 0.1618 0.2308 0.1768 0.2179 0.2431 0.2637 0.1695 0.1923 0.2363 0.2961 0.1648 0.2928 0.1978 0.3820
Guilin_Pin 0.2316 0.1823 0.2766 0.4043 0.1618 0.0000 0.2789 0.2328 0.2258 0.2553 0.2727 0.1730 0.2316 0.2910 0.3189 0.2316 0.3422 0.2737 0.3946
Haerbin_Man 0.1034 0.2000 0.1294 0.4776 0.2308 0.2789 0.0000 0.0792 0.2792 0.2850 0.3719 0.2205 0.1034 0.1535 0.3608 0.1133 0.3850 0.1527 0.4394
Jinan_Man  0.0644 0.1640 0.1550 0.4600 0.1768 0.2328 0.0792 0.0000 0.2449 0.2613 0.3586 0.1701 0.0842 0.1443 0.3368 0.0891 0.3618 0.1436 0.4264
Jixi_Hui   0.2487 0.2097 0.2718 0.4513 0.2179 0.2258 0.2792 0.2449 0.0000 0.2755 0.3351 0.2031 0.2386 0.2944 0.3122 0.2538 0.3179 0.2640 0.4197
Loudi_Xia  0.2750 0.1164 0.3030 0.4697 0.2431 0.2553 0.2850 0.2613 0.2755 0.0000 0.3401 0.2113 0.2800 0.3065 0.3037 0.2700 0.3503 0.2800 0.4541
Meixian_Hak 0.3518 0.3102 0.3838 0.4315 0.2637 0.2727 0.3719 0.3586 0.3351 0.3401 0.0000 0.2984 0.3719 0.3889 0.3579 0.3367 0.3724 0.3719 0.4021
Nanchang_Ga 0.1846 0.1344 0.2383 0.4249 0.1695 0.1730 0.2205 0.1701 0.2031 0.2113 0.2984 0.0000 0.1949 0.2564 0.2766 0.1795 0.3005 0.2308 0.4084
Nanjing_Man 0.1182 0.1947 0.1343 0.4577 0.1923 0.2316 0.1034 0.0842 0.2386 0.2800 0.3719 0.1949 0.0000 0.1485 0.3351 0.1232 0.3750 0.1429 0.4343
Rongcheng_M 0.1634 0.2368 0.2250 0.4900 0.2363 0.2910 0.1535 0.1443 0.2944 0.3065 0.3889 0.2564 0.1485 0.0000 0.3608 0.1733 0.3950 0.1931 0.4721
Suzhou_Wu  0.3351 0.2880 0.3594 0.4508 0.2961 0.3189 0.3608 0.3368 0.3122 0.3037 0.3579 0.2766 0.3351 0.3608 0.0000 0.3196 0.3109 0.3402 0.4074
Taiyuan_Jin 0.0887 0.1895 0.1741 0.4627 0.1648 0.2316 0.1133 0.0891 0.2538 0.2700 0.3367 0.1795 0.1232 0.1733 0.3196 0.0000 0.3500 0.1429 0.4293
Wenzhou_Wu 0.3500 0.3280 0.3869 0.4824 0.2928 0.3422 0.3850 0.3618 0.3179 0.3503 0.3724 0.3005 0.3750 0.3950 0.3109 0.3500 0.0000 0.3750 0.4337
XiAn_Man   0.1379 0.2316 0.1692 0.4776 0.1978 0.2737 0.1527 0.1436 0.2640 0.2800 0.3719 0.2308 0.1429 0.1931 0.3402 0.1429 0.3750 0.0000 0.4545
Xiamen_Min 0.4242 0.4086 0.4518 0.2857 0.3820 0.3946 0.4394 0.4264 0.4197 0.4541 0.4021 0.4084 0.4343 0.4721 0.4074 0.4293 0.4337 0.4545 0.0000
