 19
Beijing_Man 0.0000 0.1970 0.1133 0.3842 0.2069 0.2365 0.0493 0.0297 0.2118 0.2020 0.2808 0.1724 0.0690 0.1238 0.3020 0.0542 0.2906 0.0690 0.3632
Changsha_Xi 0.1970 0.0000 0.2217 0.3990 0.2414 0.2217 0.2069 0.1881 0.2167 0.1478 0.2808 0.1773 0.2069 0.2426 0.2822 0.1921 0.3005 0.2217 0.3881
Chengdu_Man 0.1133 0.2217 0.0000 0.4089 0.2512 0.2414 0.1034 0.1089 0.2118 0.2118 0.2956 0.2069 0.1034 0.1634 0.3069 0.1182 0.3054 0.1232 0.3831
Fuzhou_Min 0.3842 0.3990 0.4089 0.0000 0.4039 0.3892 0.3793 0.3812 0.3990 0.4187 0.3793 0.3793 0.3744 0.4010 0.4356 0.3793 0.4236 0.3941 0.2687
Guangzhou_Y 0.2069 0.2414 0.2512 0.4039 0.0000 0.2709 0.2365 0.2129 0.2660 0.2759 0.2906 0.2512 0.2315 0.2673 0.3317 0.2167 0.3103 0.2315 0.3930
Guilin_Pin 0.2365 0.2217 0.2414 0.3892 0.2709 0.0000 0.2512 0.2327 0.2315 0.2414 0.2709 0.2118 0.2365 0.2772 0.3119 0.2217 0.3202 0.2562 0.3781
Haerbin_Man 0.0493 0.2069 0.1034 0.3793 0.2365 0.2512 0.0000 0.0545 0.2217 0.2167 0.2906 0.1872 0.0690 0.0990 0.3069 0.0690 0.2906 0.0887 0.3582
Jinan_Man  0.0297 0.1881 0.1089 0.3812 0.2129 0.2327 0.0545 0.0000 0.2129 0.2030 0.2921 0.1683 0.0594 0.1095 0.3035 0.0446 0.3020 0.0842 0.3600
Jixi_Hui   0.2118 0.2167 0.2118 0.3990 0.2660 0.2315 0.2217 0.2129 0.0000 0.2217 0.2759 0.1970 0.2020 0.2426 0.3020 0.2020 0.2808 0.2414 0.3781
Loudi_Xia  0.2020 0.1478 0.2118 0.4187 0.2759 0.2414 0.2167 0.2030 0.2217 0.0000 0.2906 0.2020 0.2069 0.2376 0.2723 0.2020 0.3054 0.2118 0.3930
Meixian_Hak 0.2808 0.2808 0.2956 0.3793 0.2906 0.2709 0.2906 0.2921 0.2759 0.2906 0.0000 0.2611 0.3005 0.3168 0.3317 0.2660 0.3103 0.3054 0.3483
Nanchang_Ga 0.1724 0.1773 0.2069 0.3793 0.2512 0.2118 0.1872 0.1683 0.1970 0.2020 0.2611 0.0000 0.1823 0.2327 0.2772 0.1626 0.2660 0.2217 0.3682
Nanjing_Man 0.0690 0.2069 0.1034 0.3744 0.2315 0.2365 0.0690 0.0594 0.2020 0.2069 0.3005 0.1823 0.0000 0.1040 0.2921 0.0690 0.3054 0.0985 0.3682
Rongcheng_M 0.1238 0.2426 0.1634 0.4010 0.2673 0.2772 0.0990 0.1095 0.2426 0.2376 0.3168 0.2327 0.1040 0.0000 0.3184 0.1238 0.3218 0.1436 0.3950
Suzhou_Wu  0.3020 0.2822 0.3069 0.4356 0.3317 0.3119 0.3069 0.3035 0.3020 0.2723 0.3317 0.2772 0.2921 0.3184 0.0000 0.2921 0.3020 0.3119 0.4000
Taiyuan_Jin 0.0542 0.1921 0.1182 0.3793 0.2167 0.2217 0.0690 0.0446 0.2020 0.2020 0.2660 0.1626 0.0690 0.1238 0.2921 0.0000 0.2857 0.0887 0.3632
Wenzhou_Wu 0.2906 0.3005 0.3054 0.4236 0.3103 0.3202 0.2906 0.3020 0.2808 0.3054 0.3103 0.2660 0.3054 0.3218 0.3020 0.2857 0.0000 0.3153 0.3881
XiAn_Man   0.0690 0.2217 0.1232 0.3941 0.2315 0.2562 0.0887 0.0842 0.2414 0.2118 0.3054 0.2217 0.0985 0.1436 0.3119 0.0887 0.3153 0.0000 0.3930
Xiamen_Min 0.3632 0.3881 0.3831 0.2687 0.3930 0.3781 0.3582 0.3600 0.3781 0.3930 0.3483 0.3682 0.3682 0.3950 0.4000 0.3632 0.3881 0.3930 0.0000
