 19
Beijing_Man 0.0000 0.1478 0.0936 0.2906 0.1823 0.1823 0.0296 0.0099 0.1626 0.1576 0.2118 0.1232 0.0493 0.1040 0.2475 0.0296 0.2217 0.0542 0.2736
Changsha_Xi 0.1478 0.0000 0.1823 0.3153 0.2217 0.2020 0.1576 0.1535 0.2020 0.1330 0.2414 0.1576 0.1675 0.2129 0.2426 0.1626 0.2463 0.1823 0.2935
Chengdu_Man 0.0936 0.1823 0.0000 0.3153 0.2266 0.2020 0.0837 0.0941 0.1773 0.1724 0.2365 0.1626 0.0739 0.1436 0.2624 0.0985 0.2463 0.0985 0.2985
Fuzhou_Min 0.2906 0.3153 0.3153 0.0000 0.3251 0.3054 0.2906 0.2970 0.3103 0.3251 0.2857 0.2956 0.2906 0.3317 0.3515 0.2956 0.3350 0.3005 0.2139
Guangzhou_Y 0.1823 0.2217 0.2266 0.3251 0.0000 0.2414 0.2020 0.1832 0.2365 0.2463 0.2463 0.2118 0.2020 0.2376 0.2970 0.1823 0.2660 0.2020 0.3184
Guilin_Pin 0.1823 0.2020 0.2020 0.3054 0.2414 0.0000 0.1921 0.1832 0.1970 0.2118 0.2266 0.1724 0.1823 0.2327 0.2624 0.1773 0.2611 0.2020 0.3085
Haerbin_Man 0.0296 0.1576 0.0837 0.2906 0.2020 0.1921 0.0000 0.0347 0.1675 0.1626 0.2167 0.1379 0.0493 0.0842 0.2475 0.0443 0.2266 0.0542 0.2786
Jinan_Man  0.0099 0.1535 0.0941 0.2970 0.1832 0.1832 0.0347 0.0000 0.1634 0.1634 0.2228 0.1238 0.0446 0.0995 0.2537 0.0297 0.2327 0.0545 0.2800
Jixi_Hui   0.1626 0.2020 0.1773 0.3103 0.2365 0.1970 0.1675 0.1634 0.0000 0.1970 0.2315 0.1626 0.1527 0.2079 0.2723 0.1675 0.2266 0.1872 0.2985
Loudi_Xia  0.1576 0.1330 0.1724 0.3251 0.2463 0.2118 0.1626 0.1634 0.1970 0.0000 0.2463 0.1724 0.1626 0.2079 0.2475 0.1724 0.2463 0.1724 0.3035
Meixian_Hak 0.2118 0.2414 0.2365 0.2857 0.2463 0.2266 0.2167 0.2228 0.2315 0.2463 0.0000 0.2217 0.2266 0.2475 0.2921 0.2118 0.2709 0.2266 0.2935
Nanchang_Ga 0.1232 0.1576 0.1626 0.2956 0.2118 0.1724 0.1379 0.1238 0.1626 0.1724 0.2217 0.0000 0.1429 0.1931 0.2426 0.1330 0.2167 0.1576 0.2985
Nanjing_Man 0.0493 0.1675 0.0739 0.2906 0.2020 0.1823 0.0493 0.0446 0.1527 0.1626 0.2266 0.1429 0.0000 0.0990 0.2376 0.0542 0.2365 0.0640 0.2836
Rongcheng_M 0.1040 0.2129 0.1436 0.3317 0.2376 0.2327 0.0842 0.0995 0.2079 0.2079 0.2475 0.1931 0.0990 0.0000 0.2786 0.1139 0.2673 0.1089 0.3250
Suzhou_Wu  0.2475 0.2426 0.2624 0.3515 0.2970 0.2624 0.2475 0.2537 0.2723 0.2475 0.2921 0.2426 0.2376 0.2786 0.0000 0.2525 0.2475 0.2723 0.3250
Taiyuan_Jin 0.0296 0.1626 0.0985 0.2956 0.1823 0.1773 0.0443 0.0297 0.1675 0.1724 0.2118 0.1330 0.0542 0.1139 0.2525 0.0000 0.2217 0.0542 0.2836
Wenzhou_Wu 0.2217 0.2463 0.2463 0.3350 0.2660 0.2611 0.2266 0.2327 0.2266 0.2463 0.2709 0.2167 0.2365 0.2673 0.2475 0.2217 0.0000 0.2414 0.3184
XiAn_Man   0.0542 0.1823 0.0985 0.3005 0.2020 0.2020 0.0542 0.0545 0.1872 0.1724 0.2266 0.1576 0.0640 0.1089 0.2723 0.0542 0.2414 0.0000 0.3035
Xiamen_Min 0.2736 0.2935 0.2985 0.2139 0.3184 0.3085 0.2786 0.2800 0.2985 0.3035 0.2935 0.2985 0.2836 0.3250 0.3250 0.2836 0.3184 0.3035 0.0000
