 19
Beijing_Man 0.0000 0.0591 0.1527 0.4089 0.1330 0.2365 0.0788 0.0493 0.2167 0.2562 0.3202 0.0936 0.0788 0.1576 0.3251 0.0640 0.3103 0.1182 0.4257
Changsha_Xi 0.0591 0.0000 0.1675 0.3842 0.1478 0.1970 0.0837 0.0690 0.2118 0.1872 0.3005 0.0788 0.0788 0.1576 0.2808 0.0936 0.3103 0.1429 0.4158
Chengdu_Man 0.1527 0.1675 0.0000 0.4384 0.2266 0.2512 0.1232 0.1576 0.2217 0.2857 0.3251 0.1724 0.1182 0.2167 0.3202 0.1281 0.3350 0.1429 0.4307
Fuzhou_Min 0.4089 0.3842 0.4384 0.0000 0.4187 0.4039 0.4236 0.4138 0.4187 0.4433 0.4187 0.3793 0.3941 0.4483 0.4581 0.3990 0.4532 0.4236 0.3267
Guangzhou_Y 0.1330 0.1478 0.2266 0.4187 0.0000 0.2660 0.2020 0.1576 0.2512 0.2857 0.3054 0.1626 0.1626 0.2414 0.3399 0.1576 0.3300 0.1872 0.4257
Guilin_Pin 0.2365 0.1970 0.2512 0.4039 0.2660 0.0000 0.2562 0.2266 0.2611 0.3054 0.3251 0.2069 0.2069 0.2956 0.3399 0.2365 0.3645 0.2512 0.4356
Haerbin_Man 0.0788 0.0837 0.1232 0.4236 0.2020 0.2562 0.0000 0.0739 0.2266 0.2611 0.3300 0.1281 0.0837 0.1330 0.3153 0.0837 0.3350 0.1379 0.4406
Jinan_Man  0.0493 0.0690 0.1576 0.4138 0.1576 0.2266 0.0739 0.0000 0.2167 0.2562 0.3448 0.1034 0.0690 0.1478 0.3054 0.0837 0.3300 0.1379 0.4208
Jixi_Hui   0.2167 0.2118 0.2217 0.4187 0.2512 0.2611 0.2266 0.2167 0.0000 0.2906 0.3448 0.2118 0.1823 0.2709 0.3202 0.2167 0.3202 0.2315 0.4257
Loudi_Xia  0.2562 0.1872 0.2857 0.4433 0.2857 0.3054 0.2611 0.2562 0.2906 0.0000 0.3448 0.2167 0.2463 0.3054 0.3054 0.2512 0.3498 0.2660 0.4653
Meixian_Hak 0.3202 0.3005 0.3251 0.4187 0.3054 0.3251 0.3300 0.3448 0.3448 0.3448 0.0000 0.3054 0.3251 0.3744 0.3941 0.3054 0.3744 0.3251 0.4356
Nanchang_Ga 0.0936 0.0788 0.1724 0.3793 0.1626 0.2069 0.1281 0.1034 0.2118 0.2167 0.3054 0.0000 0.0985 0.1970 0.2759 0.1034 0.2808 0.1626 0.4059
Nanjing_Man 0.0788 0.0788 0.1182 0.3941 0.1626 0.2069 0.0837 0.0690 0.1823 0.2463 0.3251 0.0985 0.0000 0.1330 0.2857 0.0837 0.3251 0.0985 0.4158
Rongcheng_M 0.1576 0.1576 0.2167 0.4483 0.2414 0.2956 0.1330 0.1478 0.2709 0.3054 0.3744 0.1970 0.1330 0.0000 0.3498 0.1724 0.3892 0.1872 0.4851
Suzhou_Wu  0.3251 0.2808 0.3202 0.4581 0.3399 0.3399 0.3153 0.3054 0.3202 0.3054 0.3941 0.2759 0.2857 0.3498 0.0000 0.3054 0.3547 0.3103 0.4455
Taiyuan_Jin 0.0640 0.0936 0.1281 0.3990 0.1576 0.2365 0.0837 0.0837 0.2167 0.2512 0.3054 0.1034 0.0837 0.1724 0.3054 0.0000 0.3153 0.1281 0.4109
Wenzhou_Wu 0.3103 0.3103 0.3350 0.4532 0.3300 0.3645 0.3350 0.3300 0.3202 0.3498 0.3744 0.2808 0.3251 0.3892 0.3547 0.3153 0.0000 0.3300 0.4356
XiAn_Man   0.1182 0.1429 0.1429 0.4236 0.1872 0.2512 0.1379 0.1379 0.2315 0.2660 0.3251 0.1626 0.0985 0.1872 0.3103 0.1281 0.3300 0.0000 0.4307
Xiamen_Min 0.4257 0.4158 0.4307 0.3267 0.4257 0.4356 0.4406 0.4208 0.4257 0.4653 0.4356 0.4059 0.4158 0.4851 0.4455 0.4109 0.4356 0.4307 0.0000
