 19
Beijing_Man 0.0000 0.0895 0.0846 0.2836 0.0879 0.1263 0.0296 0.0099 0.1371 0.1450 0.1960 0.0872 0.0493 0.1040 0.2165 0.0296 0.2100 0.0542 0.2626
Changsha_Xi 0.0895 0.0000 0.1217 0.2606 0.0971 0.1050 0.1000 0.0952 0.1290 0.0688 0.1765 0.0806 0.1105 0.1632 0.1685 0.1053 0.1905 0.1263 0.2366
Chengdu_Man 0.0846 0.1217 0.0000 0.3015 0.1326 0.1383 0.0746 0.0850 0.1436 0.1515 0.2172 0.1192 0.0647 0.1350 0.2240 0.0896 0.2312 0.0896 0.2843
Fuzhou_Min 0.2836 0.2606 0.3015 0.0000 0.2473 0.2500 0.2836 0.2900 0.2821 0.3081 0.2640 0.2591 0.2836 0.3250 0.3212 0.2886 0.3216 0.2935 0.1939
Guangzhou_Y 0.0879 0.0971 0.1326 0.2473 0.0000 0.1098 0.1099 0.0884 0.1341 0.1547 0.1593 0.0960 0.1099 0.1538 0.2067 0.0879 0.1768 0.1099 0.2303
Guilin_Pin 0.1263 0.1050 0.1383 0.2500 0.1098 0.0000 0.1368 0.1270 0.1237 0.1489 0.1604 0.0919 0.1263 0.1799 0.1946 0.1211 0.1979 0.1474 0.2486
Haerbin_Man 0.0296 0.1000 0.0746 0.2836 0.1099 0.1368 0.0000 0.0347 0.1421 0.1500 0.2010 0.1026 0.0493 0.0842 0.2165 0.0443 0.2150 0.0542 0.2677
Jinan_Man  0.0099 0.0952 0.0850 0.2900 0.0884 0.1270 0.0347 0.0000 0.1378 0.1508 0.2071 0.0876 0.0446 0.0995 0.2228 0.0297 0.2211 0.0545 0.2690
Jixi_Hui   0.1371 0.1290 0.1436 0.2821 0.1341 0.1237 0.1421 0.1378 0.0000 0.1684 0.1959 0.1146 0.1269 0.1878 0.2222 0.1421 0.1949 0.1624 0.2694
Loudi_Xia  0.1450 0.0688 0.1515 0.3081 0.1547 0.1489 0.1500 0.1508 0.1684 0.0000 0.2234 0.1340 0.1500 0.1960 0.2042 0.1600 0.2234 0.1600 0.2857
Meixian_Hak 0.1960 0.1765 0.2172 0.2640 0.1593 0.1604 0.2010 0.2071 0.1959 0.2234 0.0000 0.1728 0.2111 0.2323 0.2474 0.1960 0.2449 0.2111 0.2680
Nanchang_Ga 0.0872 0.0806 0.1192 0.2591 0.0960 0.0919 0.1026 0.0876 0.1146 0.1340 0.1728 0.0000 0.1077 0.1641 0.1862 0.0974 0.1762 0.1231 0.2618
Nanjing_Man 0.0493 0.1105 0.0647 0.2836 0.1099 0.1263 0.0493 0.0446 0.1269 0.1500 0.2111 0.1077 0.0000 0.0990 0.2062 0.0542 0.2250 0.0640 0.2727
Rongcheng_M 0.1040 0.1632 0.1350 0.3250 0.1538 0.1799 0.0842 0.0995 0.1878 0.1960 0.2323 0.1641 0.0990 0.0000 0.2526 0.1139 0.2600 0.1089 0.3147
Suzhou_Wu  0.2165 0.1685 0.2240 0.3212 0.2067 0.1946 0.2165 0.2228 0.2222 0.2042 0.2474 0.1862 0.2062 0.2526 0.0000 0.2216 0.2124 0.2423 0.2857
Taiyuan_Jin 0.0296 0.1053 0.0896 0.2886 0.0879 0.1211 0.0443 0.0297 0.1421 0.1600 0.1960 0.0974 0.0542 0.1139 0.2216 0.0000 0.2100 0.0542 0.2727
Wenzhou_Wu 0.2100 0.1905 0.2312 0.3216 0.1768 0.1979 0.2150 0.2211 0.1949 0.2234 0.2449 0.1762 0.2250 0.2600 0.2124 0.2100 0.0000 0.2300 0.3010
XiAn_Man   0.0542 0.1263 0.0896 0.2935 0.1099 0.1474 0.0542 0.0545 0.1624 0.1600 0.2111 0.1231 0.0640 0.1089 0.2423 0.0542 0.2300 0.0000 0.2929
Xiamen_Min 0.2626 0.2366 0.2843 0.1939 0.2303 0.2486 0.2677 0.2690 0.2694 0.2857 0.2680 0.2618 0.2727 0.3147 0.2857 0.2727 0.3010 0.2929 0.0000
