 19
Beijing_Man 0.0000 0.2315 0.1921 0.4631 0.2315 0.2808 0.1034 0.0644 0.2709 0.2857 0.3645 0.2167 0.1182 0.1634 0.3614 0.0887 0.3596 0.1379 0.4328
Changsha_Xi 0.2315 0.0000 0.2956 0.4631 0.2857 0.2709 0.2512 0.2178 0.2759 0.1773 0.3645 0.2069 0.2463 0.2822 0.3515 0.2414 0.3744 0.2808 0.4527
Chengdu_Man 0.1921 0.2956 0.0000 0.4975 0.3399 0.3300 0.1379 0.1634 0.3005 0.3202 0.3990 0.2759 0.1429 0.2327 0.3911 0.1823 0.3990 0.1773 0.4627
Fuzhou_Min 0.4631 0.4631 0.4975 0.0000 0.4729 0.4483 0.4828 0.4653 0.4729 0.4828 0.4483 0.4532 0.4631 0.4950 0.4752 0.4680 0.4926 0.4828 0.3035
Guangzhou_Y 0.2315 0.2857 0.3399 0.4729 0.0000 0.2857 0.3103 0.2624 0.3103 0.3251 0.3399 0.2759 0.2759 0.3119 0.3762 0.2512 0.3695 0.2808 0.4527
Guilin_Pin 0.2808 0.2709 0.3300 0.4483 0.2857 0.0000 0.3251 0.2822 0.2906 0.3103 0.3300 0.2463 0.2808 0.3366 0.3762 0.2808 0.3941 0.3202 0.4428
Haerbin_Man 0.1034 0.2512 0.1379 0.4828 0.3103 0.3251 0.0000 0.0792 0.3005 0.2956 0.3842 0.2512 0.1034 0.1535 0.3861 0.1133 0.3941 0.1527 0.4478
Jinan_Man  0.0644 0.2178 0.1634 0.4653 0.2624 0.2822 0.0792 0.0000 0.2673 0.2723 0.3713 0.2030 0.0842 0.1443 0.3632 0.0891 0.3713 0.1436 0.4350
Jixi_Hui   0.2709 0.2759 0.3005 0.4729 0.3103 0.2906 0.3005 0.2673 0.0000 0.3005 0.3645 0.2463 0.2611 0.3119 0.3564 0.2759 0.3448 0.2857 0.4428
Loudi_Xia  0.2857 0.1773 0.3202 0.4828 0.3251 0.3103 0.2956 0.2723 0.3005 0.0000 0.3596 0.2463 0.2906 0.3168 0.3416 0.2808 0.3695 0.2906 0.4677
Meixian_Hak 0.3645 0.3645 0.3990 0.4483 0.3399 0.3300 0.3842 0.3713 0.3645 0.3596 0.0000 0.3399 0.3842 0.4010 0.3960 0.3498 0.3941 0.3842 0.4229
Nanchang_Ga 0.2167 0.2069 0.2759 0.4532 0.2759 0.2463 0.2512 0.2030 0.2463 0.2463 0.3399 0.0000 0.2266 0.2822 0.3267 0.2118 0.3350 0.2611 0.4378
Nanjing_Man 0.1182 0.2463 0.1429 0.4631 0.2759 0.2808 0.1034 0.0842 0.2611 0.2906 0.3842 0.2266 0.0000 0.1485 0.3614 0.1232 0.3842 0.1429 0.4428
Rongcheng_M 0.1634 0.2822 0.2327 0.4950 0.3119 0.3366 0.1535 0.1443 0.3119 0.3168 0.4010 0.2822 0.1485 0.0000 0.3831 0.1733 0.4010 0.1931 0.4800
Suzhou_Wu  0.3614 0.3515 0.3911 0.4752 0.3762 0.3762 0.3861 0.3632 0.3564 0.3416 0.3960 0.3267 0.3614 0.3831 0.0000 0.3465 0.3416 0.3663 0.4400
Taiyuan_Jin 0.0887 0.2414 0.1823 0.4680 0.2512 0.2808 0.1133 0.0891 0.2759 0.2808 0.3498 0.2118 0.1232 0.1733 0.3465 0.0000 0.3596 0.1429 0.4378
Wenzhou_Wu 0.3596 0.3744 0.3990 0.4926 0.3695 0.3941 0.3941 0.3713 0.3448 0.3695 0.3941 0.3350 0.3842 0.4010 0.3416 0.3596 0.0000 0.3842 0.4478
XiAn_Man   0.1379 0.2808 0.1773 0.4828 0.2808 0.3202 0.1527 0.1436 0.2857 0.2906 0.3842 0.2611 0.1429 0.1931 0.3663 0.1429 0.3842 0.0000 0.4627
Xiamen_Min 0.4328 0.4527 0.4627 0.3035 0.4527 0.4428 0.4478 0.4350 0.4428 0.4677 0.4229 0.4378 0.4428 0.4800 0.4400 0.4378 0.4478 0.4627 0.0000
