 19
Beijing    0.0000 0.0909 0.3636 0.5758 0.2273 0.4394 0.1667 0.1061 0.3182 0.4394 0.5000 0.1970 0.1515 0.2576 0.5758 0.1515 0.5606 0.2879 0.7385
Changsha   0.0909 0.0000 0.3333 0.5303 0.2424 0.3636 0.1515 0.1212 0.2727 0.2879 0.4545 0.1364 0.0909 0.2273 0.4848 0.1515 0.5152 0.2727 0.6923
Chengdu    0.3636 0.3333 0.0000 0.5909 0.4697 0.4697 0.3030 0.4091 0.3636 0.5000 0.4697 0.3636 0.3030 0.4091 0.5303 0.3030 0.5758 0.3485 0.7077
Fuzhou     0.5758 0.5303 0.5909 0.0000 0.6212 0.6364 0.5758 0.5606 0.6212 0.6515 0.6364 0.5303 0.5303 0.6061 0.6364 0.5606 0.6515 0.5758 0.6154
Guangzhou  0.2273 0.2424 0.4697 0.6212 0.0000 0.4697 0.4091 0.2879 0.4091 0.4545 0.5000 0.3030 0.2727 0.4091 0.5606 0.3030 0.5758 0.3485 0.7538
Guilin     0.4394 0.3636 0.4697 0.6364 0.4697 0.0000 0.5000 0.4242 0.3636 0.5000 0.5606 0.3788 0.3788 0.5000 0.5606 0.4545 0.6061 0.5000 0.7385
Ha_erbin   0.1667 0.1515 0.3030 0.5758 0.4091 0.5000 0.0000 0.1818 0.3636 0.4545 0.5303 0.2424 0.1818 0.2273 0.5303 0.1667 0.5606 0.3030 0.7231
Jinan      0.1061 0.1212 0.4091 0.5606 0.2879 0.4242 0.1818 0.0000 0.3333 0.4545 0.5606 0.2121 0.1515 0.2424 0.5303 0.1818 0.5606 0.3333 0.6923
Jixi       0.3182 0.2727 0.3636 0.6212 0.4091 0.3636 0.3636 0.3333 0.0000 0.4242 0.4697 0.3030 0.2879 0.3788 0.4848 0.3333 0.5303 0.3333 0.7077
Loudi      0.4394 0.2879 0.5000 0.6515 0.4545 0.5000 0.4545 0.4545 0.4242 0.0000 0.5000 0.3788 0.4242 0.4848 0.4697 0.4091 0.5606 0.4545 0.7538
Meixian    0.5000 0.4545 0.4697 0.6364 0.5000 0.5606 0.5303 0.5606 0.4697 0.5000 0.0000 0.4394 0.5152 0.5606 0.6061 0.4545 0.5152 0.5152 0.6923
Nanchang   0.1970 0.1364 0.3636 0.5303 0.3030 0.3788 0.2424 0.2121 0.3030 0.3788 0.4394 0.0000 0.1667 0.3182 0.4697 0.2121 0.4697 0.3333 0.6923
Nanjing    0.1515 0.0909 0.3030 0.5303 0.2727 0.3788 0.1818 0.1515 0.2879 0.4242 0.5152 0.1667 0.0000 0.1667 0.5000 0.1515 0.5606 0.1970 0.6769
Rongcheng  0.2576 0.2273 0.4091 0.6061 0.4091 0.5000 0.2273 0.2424 0.3788 0.4848 0.5606 0.3182 0.1667 0.0000 0.5455 0.2727 0.6212 0.3788 0.7538
Suzhou     0.5758 0.4848 0.5303 0.6364 0.5606 0.5606 0.5303 0.5303 0.4848 0.4697 0.6061 0.4697 0.5000 0.5455 0.0000 0.5303 0.5303 0.5000 0.6923
Taiyuan    0.1515 0.1515 0.3030 0.5606 0.3030 0.4545 0.1667 0.1818 0.3333 0.4091 0.4545 0.2121 0.1515 0.2727 0.5303 0.0000 0.5758 0.3030 0.7231
Wenzhou    0.5606 0.5152 0.5758 0.6515 0.5758 0.6061 0.5606 0.5606 0.5303 0.5606 0.5152 0.4697 0.5606 0.6212 0.5303 0.5758 0.0000 0.5606 0.6923
Xi_an      0.2879 0.2727 0.3485 0.5758 0.3485 0.5000 0.3030 0.3333 0.3333 0.4545 0.5152 0.3333 0.1970 0.3788 0.5000 0.3030 0.5606 0.0000 0.6923
Xiamen     0.7385 0.6923 0.7077 0.6154 0.7538 0.7385 0.7231 0.6923 0.7077 0.7538 0.6923 0.6923 0.6769 0.7538 0.6923 0.7231 0.6923 0.6923 0.0000
