	19
Beijing	0	0.09090909090909094	0.36363636363636365	0.5757575757575757	0.2272727272727273	0.43939393939393945	0.16666666666666663	0.10606060606060608	0.31818181818181823	0.43939393939393945	0.5	0.19696969696969702	0.1515151515151515	0.25757575757575757	0.5757575757575757	0.1515151515151515	0.5606060606060606	0.28787878787878785	0.7384615384615385
Changsha	0.09090909090909094	0	0.33333333333333337	0.5303030303030303	0.24242424242424243	0.36363636363636365	0.1515151515151515	0.12121212121212122	0.2727272727272727	0.28787878787878785	0.4545454545454546	0.13636363636363635	0.09090909090909094	0.2272727272727273	0.48484848484848486	0.1515151515151515	0.5151515151515151	0.2727272727272727	0.6923076923076923
Chengdu	0.36363636363636365	0.33333333333333337	0	0.5909090909090908	0.4696969696969697	0.4696969696969697	0.303030303030303	0.40909090909090906	0.36363636363636365	0.5	0.4696969696969697	0.36363636363636365	0.303030303030303	0.40909090909090906	0.5303030303030303	0.303030303030303	0.5757575757575757	0.3484848484848485	0.7076923076923076
Fuzhou	0.5757575757575757	0.5303030303030303	0.5909090909090908	0	0.6212121212121212	0.6363636363636364	0.5757575757575757	0.5606060606060606	0.6212121212121212	0.6515151515151515	0.6363636363636364	0.5303030303030303	0.5303030303030303	0.6060606060606061	0.6363636363636364	0.5606060606060606	0.6515151515151515	0.5757575757575757	0.6153846153846154
Guangzhou	0.2272727272727273	0.24242424242424243	0.4696969696969697	0.6212121212121212	0	0.4696969696969697	0.40909090909090906	0.28787878787878785	0.40909090909090906	0.4545454545454546	0.5	0.303030303030303	0.2727272727272727	0.40909090909090906	0.5606060606060606	0.303030303030303	0.5757575757575757	0.3484848484848485	0.7538461538461538
Guilin	0.43939393939393945	0.36363636363636365	0.4696969696969697	0.6363636363636364	0.4696969696969697	0	0.5	0.4242424242424242	0.36363636363636365	0.5	0.5606060606060606	0.3787878787878788	0.3787878787878788	0.5	0.5606060606060606	0.4545454545454546	0.6060606060606061	0.5	0.7384615384615385
Ha_erbin	0.16666666666666663	0.1515151515151515	0.303030303030303	0.5757575757575757	0.40909090909090906	0.5	0	0.18181818181818177	0.36363636363636365	0.4545454545454546	0.5303030303030303	0.24242424242424243	0.18181818181818177	0.2272727272727273	0.5303030303030303	0.16666666666666663	0.5606060606060606	0.303030303030303	0.7230769230769231
Jinan	0.10606060606060608	0.12121212121212122	0.40909090909090906	0.5606060606060606	0.28787878787878785	0.4242424242424242	0.18181818181818177	0	0.33333333333333337	0.4545454545454546	0.5606060606060606	0.21212121212121215	0.1515151515151515	0.24242424242424243	0.5303030303030303	0.18181818181818177	0.5606060606060606	0.33333333333333337	0.6923076923076923
Jixi	0.31818181818181823	0.2727272727272727	0.36363636363636365	0.6212121212121212	0.40909090909090906	0.36363636363636365	0.36363636363636365	0.33333333333333337	0	0.4242424242424242	0.4696969696969697	0.303030303030303	0.28787878787878785	0.3787878787878788	0.48484848484848486	0.33333333333333337	0.5303030303030303	0.33333333333333337	0.7076923076923076
Loudi	0.43939393939393945	0.28787878787878785	0.5	0.6515151515151515	0.4545454545454546	0.5	0.4545454545454546	0.4545454545454546	0.4242424242424242	0	0.5	0.3787878787878788	0.4242424242424242	0.48484848484848486	0.4696969696969697	0.40909090909090906	0.5606060606060606	0.4545454545454546	0.7538461538461538
Meixian	0.5	0.4545454545454546	0.4696969696969697	0.6363636363636364	0.5	0.5606060606060606	0.5303030303030303	0.5606060606060606	0.4696969696969697	0.5	0	0.43939393939393945	0.5151515151515151	0.5606060606060606	0.6060606060606061	0.4545454545454546	0.5151515151515151	0.5151515151515151	0.6923076923076923
Nanchang	0.19696969696969702	0.13636363636363635	0.36363636363636365	0.5303030303030303	0.303030303030303	0.3787878787878788	0.24242424242424243	0.21212121212121215	0.303030303030303	0.3787878787878788	0.43939393939393945	0	0.16666666666666663	0.31818181818181823	0.4696969696969697	0.21212121212121215	0.4696969696969697	0.33333333333333337	0.6923076923076923
Nanjing	0.1515151515151515	0.09090909090909094	0.303030303030303	0.5303030303030303	0.2727272727272727	0.3787878787878788	0.18181818181818177	0.1515151515151515	0.28787878787878785	0.4242424242424242	0.5151515151515151	0.16666666666666663	0	0.16666666666666663	0.5	0.1515151515151515	0.5606060606060606	0.19696969696969702	0.676923076923077
Rongcheng	0.25757575757575757	0.2272727272727273	0.40909090909090906	0.6060606060606061	0.40909090909090906	0.5	0.2272727272727273	0.24242424242424243	0.3787878787878788	0.48484848484848486	0.5606060606060606	0.31818181818181823	0.16666666666666663	0	0.5454545454545454	0.2727272727272727	0.6212121212121212	0.3787878787878788	0.7538461538461538
Suzhou	0.5757575757575757	0.48484848484848486	0.5303030303030303	0.6363636363636364	0.5606060606060606	0.5606060606060606	0.5303030303030303	0.5303030303030303	0.48484848484848486	0.4696969696969697	0.6060606060606061	0.4696969696969697	0.5	0.5454545454545454	0	0.5303030303030303	0.5303030303030303	0.5	0.6923076923076923
Taiyuan	0.1515151515151515	0.1515151515151515	0.303030303030303	0.5606060606060606	0.303030303030303	0.4545454545454546	0.16666666666666663	0.18181818181818177	0.33333333333333337	0.40909090909090906	0.4545454545454546	0.21212121212121215	0.1515151515151515	0.2727272727272727	0.5303030303030303	0	0.5757575757575757	0.303030303030303	0.7230769230769231
Wenzhou	0.5606060606060606	0.5151515151515151	0.5757575757575757	0.6515151515151515	0.5757575757575757	0.6060606060606061	0.5606060606060606	0.5606060606060606	0.5303030303030303	0.5606060606060606	0.5151515151515151	0.4696969696969697	0.5606060606060606	0.6212121212121212	0.5303030303030303	0.5757575757575757	0	0.5606060606060606	0.6923076923076923
Xi_an	0.28787878787878785	0.2727272727272727	0.3484848484848485	0.5757575757575757	0.3484848484848485	0.5	0.303030303030303	0.33333333333333337	0.33333333333333337	0.4545454545454546	0.5151515151515151	0.33333333333333337	0.19696969696969702	0.3787878787878788	0.5	0.303030303030303	0.5606060606060606	0	0.6923076923076923
Xiamen	0.7384615384615385	0.6923076923076923	0.7076923076923076	0.6153846153846154	0.7538461538461538	0.7384615384615385	0.7230769230769231	0.6923076923076923	0.7076923076923076	0.7538461538461538	0.6923076923076923	0.6923076923076923	0.676923076923077	0.7538461538461538	0.6923076923076923	0.7230769230769231	0.6923076923076923	0.6923076923076923	0
