	19
Beijing	0	0.039408866995073843	0.09852216748768472	0.33990147783251234	0.09852216748768472	0.16256157635467983	0.03448275862068961	0.019704433497536922	0.16748768472906406	0.18719211822660098	0.24137931034482762	0.059113300492610876	0.03448275862068961	0.12315270935960587	0.24630541871921185	0.044334975369458074	0.2512315270935961	0.059113300492610876	0.3267326732673267
Changsha	0.039408866995073843	0	0.10344827586206895	0.31034482758620685	0.10837438423645318	0.11330049261083741	0.049261083743842415	0.044334975369458074	0.1428571428571429	0.13300492610837433	0.22660098522167482	0.044334975369458074	0.054187192118226646	0.1280788177339901	0.19704433497536944	0.06896551724137934	0.24137931034482762	0.08866995073891626	0.32178217821782173
Chengdu	0.09852216748768472	0.10344827586206895	0	0.35467980295566504	0.1576354679802956	0.1576354679802956	0.0788177339901478	0.09852216748768472	0.1576354679802956	0.18226600985221675	0.24137931034482762	0.10344827586206895	0.07389162561576357	0.15270935960591137	0.24137931034482762	0.0788177339901478	0.2561576354679803	0.09359605911330049	0.34158415841584155
Fuzhou	0.33990147783251234	0.31034482758620685	0.35467980295566504	0	0.35467980295566504	0.3300492610837439	0.3300492610837439	0.3448275862068966	0.3349753694581281	0.3793103448275862	0.3497536945812808	0.3152709359605911	0.32512315270935965	0.3645320197044335	0.38916256157635465	0.3448275862068966	0.37438423645320196	0.3448275862068966	0.25742574257425743
Guangzhou	0.09852216748768472	0.10837438423645318	0.1576354679802956	0.35467980295566504	0	0.21182266009852213	0.12315270935960587	0.11330049261083741	0.20197044334975367	0.24137931034482762	0.24630541871921185	0.11822660098522164	0.12315270935960587	0.19704433497536944	0.27586206896551724	0.12315270935960587	0.26108374384236455	0.1428571428571429	0.34158415841584155
Guilin	0.16256157635467983	0.11330049261083741	0.1576354679802956	0.3300492610837439	0.21182266009852213	0	0.16256157635467983	0.16748768472906406	0.18226600985221675	0.21182266009852213	0.22660098522167482	0.14778325123152714	0.14778325123152714	0.2216748768472906	0.2660098522167488	0.1576354679802956	0.28078817733990147	0.17733990147783252	0.3564356435643564
Ha_erbin	0.03448275862068961	0.049261083743842415	0.0788177339901478	0.3300492610837439	0.12315270935960587	0.16256157635467983	0	0.039408866995073843	0.16748768472906406	0.1921182266009852	0.23152709359605916	0.07389162561576357	0.039408866995073843	0.08866995073891626	0.24137931034482762	0.054187192118226646	0.2512315270935961	0.06896551724137934	0.32178217821782173
Jinan	0.019704433497536922	0.044334975369458074	0.09852216748768472	0.3448275862068966	0.11330049261083741	0.16748768472906406	0.039408866995073843	0	0.1724137931034483	0.18719211822660098	0.2561576354679803	0.0640394088669951	0.039408866995073843	0.11330049261083741	0.2512315270935961	0.049261083743842415	0.2660098522167488	0.0788177339901478	0.33168316831683164
Jixi	0.16748768472906406	0.1428571428571429	0.1576354679802956	0.3349753694581281	0.20197044334975367	0.18226600985221675	0.16748768472906406	0.1724137931034483	0	0.1921182266009852	0.24137931034482762	0.15270935960591137	0.13793103448275867	0.21182266009852213	0.2364532019704434	0.16256157635467983	0.24137931034482762	0.18226600985221675	0.34158415841584155
Loudi	0.18719211822660098	0.13300492610837433	0.18226600985221675	0.3793103448275862	0.24137931034482762	0.21182266009852213	0.1921182266009852	0.18719211822660098	0.1921182266009852	0	0.26108374384236455	0.1724137931034483	0.1724137931034483	0.22660098522167482	0.23152709359605916	0.18226600985221675	0.2857142857142857	0.18719211822660098	0.3712871287128713
Meixian	0.24137931034482762	0.22660098522167482	0.24137931034482762	0.3497536945812808	0.24630541871921185	0.22660098522167482	0.23152709359605916	0.2561576354679803	0.24137931034482762	0.26108374384236455	0	0.2364532019704434	0.24137931034482762	0.28078817733990147	0.29064039408866993	0.2216748768472906	0.2857142857142857	0.2512315270935961	0.33168316831683164
Nanchang	0.059113300492610876	0.044334975369458074	0.10344827586206895	0.3152709359605911	0.11822660098522164	0.14778325123152714	0.07389162561576357	0.0640394088669951	0.15270935960591137	0.1724137931034483	0.2364532019704434	0	0.07389162561576357	0.1576354679802956	0.21674876847290636	0.07389162561576357	0.21674876847290636	0.12315270935960587	0.3168316831683168
Nanjing	0.03448275862068961	0.054187192118226646	0.07389162561576357	0.32512315270935965	0.12315270935960587	0.14778325123152714	0.039408866995073843	0.039408866995073843	0.13793103448275867	0.1724137931034483	0.24137931034482762	0.07389162561576357	0	0.09852216748768472	0.22660098522167482	0.054187192118226646	0.26108374384236455	0.059113300492610876	0.34158415841584155
Rongcheng	0.12315270935960587	0.1280788177339901	0.15270935960591137	0.3645320197044335	0.19704433497536944	0.2216748768472906	0.08866995073891626	0.11330049261083741	0.21182266009852213	0.22660098522167482	0.28078817733990147	0.1576354679802956	0.09852216748768472	0	0.27586206896551724	0.1280788177339901	0.3054187192118226	0.13793103448275867	0.37623762376237624
Suzhou	0.24630541871921185	0.19704433497536944	0.24137931034482762	0.38916256157635465	0.27586206896551724	0.2660098522167488	0.24137931034482762	0.2512315270935961	0.2364532019704434	0.23152709359605916	0.29064039408866993	0.21674876847290636	0.22660098522167482	0.27586206896551724	0	0.2364532019704434	0.29556650246305416	0.2512315270935961	0.36633663366336633
Taiyuan	0.044334975369458074	0.06896551724137934	0.0788177339901478	0.3448275862068966	0.12315270935960587	0.1576354679802956	0.054187192118226646	0.049261083743842415	0.16256157635467983	0.18226600985221675	0.2216748768472906	0.07389162561576357	0.054187192118226646	0.1280788177339901	0.2364532019704434	0	0.2512315270935961	0.0788177339901478	0.34158415841584155
Wenzhou	0.2512315270935961	0.24137931034482762	0.2561576354679803	0.37438423645320196	0.26108374384236455	0.28078817733990147	0.2512315270935961	0.2660098522167488	0.24137931034482762	0.2857142857142857	0.2857142857142857	0.21674876847290636	0.26108374384236455	0.3054187192118226	0.29556650246305416	0.2512315270935961	0	0.270935960591133	0.35148514851485146
Xi_an	0.059113300492610876	0.08866995073891626	0.09359605911330049	0.3448275862068966	0.1428571428571429	0.17733990147783252	0.06896551724137934	0.0788177339901478	0.18226600985221675	0.18719211822660098	0.2512315270935961	0.12315270935960587	0.059113300492610876	0.13793103448275867	0.2512315270935961	0.0788177339901478	0.270935960591133	0	0.33168316831683164
Xiamen	0.3267326732673267	0.32178217821782173	0.34158415841584155	0.25742574257425743	0.34158415841584155	0.3564356435643564	0.32178217821782173	0.33168316831683164	0.34158415841584155	0.3712871287128713	0.33168316831683164	0.3168316831683168	0.34158415841584155	0.37623762376237624	0.36633663366336633	0.34158415841584155	0.35148514851485146	0.33168316831683164	0
