	19
Beijing	0	0.2272727272727273	0.5757575757575757	0.7575757575757576	0.303030303030303	0.5757575757575757	0.3484848484848485	0.2727272727272727	0.5303030303030303	0.6818181818181819	0.8333333333333334	0.36363636363636365	0.33333333333333337	0.36363636363636365	0.7727272727272727	0.2272727272727273	0.7272727272727273	0.3939393939393939	0.8923076923076922
Changsha	0.2272727272727273	0	0.5303030303030303	0.7727272727272727	0.4545454545454546	0.4242424242424242	0.2272727272727273	0.16666666666666663	0.4696969696969697	0.4242424242424242	0.8181818181818181	0.25757575757575757	0.16666666666666663	0.33333333333333337	0.6515151515151515	0.24242424242424243	0.7575757575757576	0.3787878787878788	0.8615384615384616
Chengdu	0.5757575757575757	0.5303030303030303	0	0.8484848484848485	0.7272727272727273	0.6515151515151515	0.48484848484848486	0.5303030303030303	0.6515151515151515	0.696969696969697	0.8333333333333334	0.5757575757575757	0.4242424242424242	0.5757575757575757	0.7575757575757576	0.4242424242424242	0.8484848484848485	0.5757575757575757	0.9230769230769231
Fuzhou	0.7575757575757576	0.7727272727272727	0.8484848484848485	0	0.7727272727272727	0.8333333333333334	0.8181818181818181	0.8181818181818181	0.8333333333333334	0.8787878787878788	0.8787878787878788	0.803030303030303	0.7878787878787878	0.8484848484848485	0.8333333333333334	0.7575757575757576	0.8181818181818181	0.8181818181818181	0.8307692307692307
Guangzhou	0.303030303030303	0.4545454545454546	0.7272727272727273	0.7727272727272727	0	0.6212121212121212	0.6212121212121212	0.5151515151515151	0.6060606060606061	0.7121212121212122	0.803030303030303	0.48484848484848486	0.5	0.5606060606060606	0.7727272727272727	0.4545454545454546	0.7272727272727273	0.5151515151515151	0.8769230769230769
Guilin	0.5757575757575757	0.4242424242424242	0.6515151515151515	0.8333333333333334	0.6212121212121212	0	0.5606060606060606	0.48484848484848486	0.5454545454545454	0.6666666666666667	0.8333333333333334	0.43939393939393945	0.4242424242424242	0.5606060606060606	0.6818181818181819	0.5606060606060606	0.7878787878787878	0.5909090909090908	0.8615384615384616
Ha_erbin	0.3484848484848485	0.2272727272727273	0.48484848484848486	0.8181818181818181	0.6212121212121212	0.5606060606060606	0	0.19696969696969702	0.5151515151515151	0.5909090909090908	0.8181818181818181	0.36363636363636365	0.2272727272727273	0.31818181818181823	0.7272727272727273	0.2727272727272727	0.8181818181818181	0.4242424242424242	0.8923076923076922
Jinan	0.2727272727272727	0.16666666666666663	0.5303030303030303	0.8181818181818181	0.5151515151515151	0.48484848484848486	0.19696969696969702	0	0.5151515151515151	0.6060606060606061	0.8484848484848485	0.3484848484848485	0.16666666666666663	0.31818181818181823	0.7121212121212122	0.25757575757575757	0.803030303030303	0.4545454545454546	0.8923076923076922
Jixi	0.5303030303030303	0.4696969696969697	0.6515151515151515	0.8333333333333334	0.6060606060606061	0.5454545454545454	0.5151515151515151	0.5151515151515151	0	0.6515151515151515	0.7727272727272727	0.5606060606060606	0.43939393939393945	0.5909090909090908	0.696969696969697	0.5606060606060606	0.7575757575757576	0.5151515151515151	0.8461538461538461
Loudi	0.6818181818181819	0.4242424242424242	0.696969696969697	0.8787878787878788	0.7121212121212122	0.6666666666666667	0.5909090909090908	0.6060606060606061	0.6515151515151515	0	0.7575757575757576	0.5151515151515151	0.5909090909090908	0.6515151515151515	0.7424242424242424	0.6060606060606061	0.8181818181818181	0.6212121212121212	0.8769230769230769
Meixian	0.8333333333333334	0.8181818181818181	0.8333333333333334	0.8787878787878788	0.803030303030303	0.8333333333333334	0.8181818181818181	0.8484848484848485	0.7727272727272727	0.7575757575757576	0	0.7575757575757576	0.7878787878787878	0.8484848484848485	0.8787878787878788	0.7727272727272727	0.803030303030303	0.8181818181818181	0.8923076923076922
Nanchang	0.36363636363636365	0.25757575757575757	0.5757575757575757	0.803030303030303	0.48484848484848486	0.43939393939393945	0.36363636363636365	0.3484848484848485	0.5606060606060606	0.5151515151515151	0.7575757575757576	0	0.303030303030303	0.4696969696969697	0.696969696969697	0.3484848484848485	0.6818181818181819	0.4696969696969697	0.8307692307692307
Nanjing	0.33333333333333337	0.16666666666666663	0.4242424242424242	0.7878787878787878	0.5	0.4242424242424242	0.2272727272727273	0.16666666666666663	0.43939393939393945	0.5909090909090908	0.7878787878787878	0.303030303030303	0	0.303030303030303	0.6666666666666667	0.2272727272727273	0.7727272727272727	0.3484848484848485	0.8307692307692307
Rongcheng	0.36363636363636365	0.33333333333333337	0.5757575757575757	0.8484848484848485	0.5606060606060606	0.5606060606060606	0.31818181818181823	0.31818181818181823	0.5909090909090908	0.6515151515151515	0.8484848484848485	0.4696969696969697	0.303030303030303	0	0.7424242424242424	0.3484848484848485	0.803030303030303	0.4696969696969697	0.9076923076923077
Suzhou	0.7727272727272727	0.6515151515151515	0.7575757575757576	0.8333333333333334	0.7727272727272727	0.6818181818181819	0.7272727272727273	0.7121212121212122	0.696969696969697	0.7424242424242424	0.8787878787878788	0.696969696969697	0.6666666666666667	0.7424242424242424	0	0.6515151515151515	0.6818181818181819	0.696969696969697	0.8153846153846154
Taiyuan	0.2272727272727273	0.24242424242424243	0.4242424242424242	0.7575757575757576	0.4545454545454546	0.5606060606060606	0.2727272727272727	0.25757575757575757	0.5606060606060606	0.6060606060606061	0.7727272727272727	0.3484848484848485	0.2272727272727273	0.3484848484848485	0.6515151515151515	0	0.7575757575757576	0.3939393939393939	0.8923076923076922
Wenzhou	0.7272727272727273	0.7575757575757576	0.8484848484848485	0.8181818181818181	0.7272727272727273	0.7878787878787878	0.8181818181818181	0.803030303030303	0.7575757575757576	0.8181818181818181	0.803030303030303	0.6818181818181819	0.7727272727272727	0.803030303030303	0.6818181818181819	0.7575757575757576	0	0.7727272727272727	0.8153846153846154
Xi_an	0.3939393939393939	0.3787878787878788	0.5757575757575757	0.8181818181818181	0.5151515151515151	0.5909090909090908	0.4242424242424242	0.4545454545454546	0.5151515151515151	0.6212121212121212	0.8181818181818181	0.4696969696969697	0.3484848484848485	0.4696969696969697	0.696969696969697	0.3939393939393939	0.7727272727272727	0	0.8615384615384616
Xiamen	0.8923076923076922	0.8615384615384616	0.9230769230769231	0.8307692307692307	0.8769230769230769	0.8615384615384616	0.8923076923076922	0.8923076923076922	0.8461538461538461	0.8769230769230769	0.8923076923076922	0.8307692307692307	0.8307692307692307	0.9076923076923077	0.8153846153846154	0.8923076923076922	0.8153846153846154	0.8615384615384616	0
