 19
Beijing_Man 0.0000 0.4237 0.4576 0.6780 0.4407 0.5085 0.2712 0.1864 0.4746 0.5593 0.6780 0.4407 0.2542 0.3220 0.6610 0.2542 0.6780 0.7241 0.3729
Changsha_Xi 0.4237 0.0000 0.5424 0.6610 0.5085 0.4407 0.4576 0.3729 0.4068 0.2712 0.6102 0.3559 0.4068 0.4746 0.6441 0.4407 0.6780 0.7414 0.5254
Chengdu_Man 0.4576 0.5424 0.0000 0.7458 0.6949 0.6271 0.2712 0.3729 0.5424 0.6102 0.7119 0.5593 0.3390 0.4237 0.6949 0.4237 0.7288 0.7759 0.3729
Fuzhou_Min 0.6780 0.6610 0.7458 0.0000 0.7458 0.6949 0.7119 0.6780 0.6949 0.7288 0.6949 0.6610 0.6780 0.7119 0.6780 0.6949 0.7458 0.5000 0.7119
Guangzhou_Y 0.4407 0.5085 0.6949 0.7458 0.0000 0.4915 0.6441 0.5254 0.5593 0.5763 0.6271 0.5254 0.4915 0.5763 0.6949 0.4915 0.6780 0.8103 0.5424
Guilin_Pin 0.5085 0.4407 0.6271 0.6949 0.4915 0.0000 0.5932 0.5085 0.4915 0.5254 0.5763 0.4237 0.4746 0.5593 0.6949 0.5085 0.6780 0.7759 0.5932
Haerbin_Man 0.2712 0.4576 0.2712 0.7119 0.6441 0.5932 0.0000 0.1695 0.5254 0.5593 0.6780 0.4915 0.2034 0.2881 0.6949 0.2712 0.7288 0.7414 0.3729
Jinan_Man  0.1864 0.3729 0.3729 0.6780 0.5254 0.5085 0.1695 0.0000 0.4576 0.5085 0.6780 0.3898 0.1356 0.2712 0.6610 0.2203 0.6949 0.7241 0.3559
Jixi_Hui   0.4746 0.4068 0.5424 0.6949 0.5593 0.4915 0.5254 0.4576 0.0000 0.4576 0.5932 0.4237 0.4576 0.5085 0.5763 0.4746 0.5932 0.7414 0.4746
Loudi_Xia  0.5593 0.2712 0.6102 0.7288 0.5763 0.5254 0.5593 0.5085 0.4576 0.0000 0.5424 0.4237 0.5424 0.5763 0.5763 0.5254 0.6441 0.7586 0.5593
Meixian_Hak 0.6780 0.6102 0.7119 0.6949 0.6271 0.5763 0.6780 0.6780 0.5932 0.5424 0.0000 0.5763 0.6780 0.6780 0.6610 0.6271 0.6271 0.6897 0.6949
Nanchang_Ga 0.4407 0.3559 0.5593 0.6610 0.5254 0.4237 0.4915 0.3898 0.4237 0.4237 0.5763 0.0000 0.4068 0.4915 0.5763 0.4237 0.6102 0.7241 0.5254
Nanjing_Man 0.2542 0.4068 0.3390 0.6780 0.4915 0.4746 0.2034 0.1356 0.4576 0.5424 0.6780 0.4068 0.0000 0.2203 0.6610 0.2373 0.6949 0.7241 0.2881
Rongcheng_M 0.3220 0.4746 0.4237 0.7119 0.5763 0.5593 0.2881 0.2712 0.5085 0.5763 0.6780 0.4915 0.2203 0.0000 0.6441 0.3220 0.6949 0.7586 0.3898
Suzhou_Wu  0.6610 0.6441 0.6949 0.6780 0.6949 0.6949 0.6949 0.6610 0.5763 0.5763 0.6610 0.5763 0.6610 0.6441 0.0000 0.6102 0.5085 0.6897 0.6102
Taiyuan_Jin 0.2542 0.4407 0.4237 0.6949 0.4915 0.5085 0.2712 0.2203 0.4746 0.5254 0.6271 0.4237 0.2373 0.3220 0.6102 0.0000 0.6780 0.7414 0.3729
Wenzhou_Wu 0.6780 0.6780 0.7288 0.7458 0.6780 0.6780 0.7288 0.6949 0.5932 0.6441 0.6271 0.6102 0.6949 0.6949 0.5085 0.6780 0.0000 0.7069 0.7119
Xiamen_Min 0.7241 0.7414 0.7759 0.5000 0.8103 0.7759 0.7414 0.7241 0.7414 0.7586 0.6897 0.7241 0.7241 0.7586 0.6897 0.7414 0.7069 0.0000 0.7586
XiAn_Man   0.3729 0.5254 0.3729 0.7119 0.5424 0.5932 0.3729 0.3559 0.4746 0.5593 0.6949 0.5254 0.2881 0.3898 0.6102 0.3729 0.7119 0.7586 0.0000
