 19
Beijing_Man 0.0000 0.0556 0.1333 0.1695 0.1400 0.1091 0.0492 0.0164 0.0862 0.1186 0.1667 0.0526 0.0492 0.1475 0.2321 0.0492 0.2034 0.0820 0.2542
Changsha_Xi 0.0556 0.0000 0.0926 0.1346 0.1087 0.0800 0.0741 0.0741 0.0769 0.0370 0.1296 0.0588 0.0741 0.1667 0.1600 0.0926 0.1698 0.1111 0.1887
Chengdu_Man 0.1333 0.0926 0.0000 0.1897 0.1837 0.1296 0.1000 0.1500 0.1228 0.1034 0.1695 0.1250 0.1000 0.1500 0.2182 0.1500 0.2203 0.1167 0.2712
Fuzhou_Min 0.1695 0.1346 0.1897 0.0000 0.2000 0.1887 0.1525 0.1864 0.1786 0.2105 0.1897 0.1455 0.1695 0.2373 0.2727 0.1864 0.2414 0.1525 0.2281
Guangzhou_Y 0.1400 0.1087 0.1837 0.2000 0.0000 0.1333 0.1800 0.1200 0.1489 0.1837 0.1800 0.1087 0.1200 0.2200 0.2917 0.1200 0.1837 0.1400 0.2708
Guilin_Pin 0.1091 0.0800 0.1296 0.1887 0.1333 0.0000 0.1091 0.1091 0.0926 0.1296 0.1296 0.0755 0.0909 0.1636 0.2453 0.0909 0.1698 0.1273 0.2830
Haerbin_Man 0.0492 0.0741 0.1000 0.1525 0.1800 0.1091 0.0000 0.0656 0.0862 0.1186 0.1500 0.0702 0.0492 0.1148 0.2143 0.0656 0.1864 0.0656 0.2542
Jinan_Man  0.0164 0.0741 0.1500 0.1864 0.1200 0.1091 0.0656 0.0000 0.1034 0.1356 0.1833 0.0702 0.0328 0.1475 0.2500 0.0328 0.2203 0.0656 0.2712
Jixi_Hui   0.0862 0.0769 0.1228 0.1786 0.1489 0.0926 0.0862 0.1034 0.0000 0.1053 0.1053 0.0727 0.1034 0.1724 0.2264 0.0862 0.1607 0.1207 0.2500
Loudi_Xia  0.1186 0.0370 0.1034 0.2105 0.1837 0.1296 0.1186 0.1356 0.1053 0.0000 0.1695 0.1250 0.1017 0.1864 0.2037 0.1525 0.2105 0.1525 0.2456
Meixian_Hak 0.1667 0.1296 0.1695 0.1897 0.1800 0.1296 0.1500 0.1833 0.1053 0.1695 0.0000 0.1250 0.1667 0.1833 0.2727 0.1667 0.2069 0.1667 0.3103
Nanchang_Ga 0.0526 0.0588 0.1250 0.1455 0.1087 0.0755 0.0702 0.0702 0.0727 0.1250 0.1250 0.0000 0.0877 0.1579 0.2075 0.0877 0.1455 0.1053 0.2545
Nanjing_Man 0.0492 0.0741 0.1000 0.1695 0.1200 0.0909 0.0492 0.0328 0.1034 0.1017 0.1667 0.0877 0.0000 0.0820 0.2143 0.0328 0.2034 0.0492 0.2542
Rongcheng_M 0.1475 0.1667 0.1500 0.2373 0.2200 0.1636 0.1148 0.1475 0.1724 0.1864 0.1833 0.1579 0.0820 0.0000 0.2679 0.1475 0.2542 0.1311 0.3220
Suzhou_Wu  0.2321 0.1600 0.2182 0.2727 0.2917 0.2453 0.2143 0.2500 0.2264 0.2037 0.2727 0.2075 0.2143 0.2679 0.0000 0.2500 0.1636 0.2500 0.2778
Taiyuan_Jin 0.0492 0.0926 0.1500 0.1864 0.1200 0.0909 0.0656 0.0328 0.0862 0.1525 0.1667 0.0877 0.0328 0.1475 0.2500 0.0000 0.2034 0.0656 0.2881
Wenzhou_Wu 0.2034 0.1698 0.2203 0.2414 0.1837 0.1698 0.1864 0.2203 0.1607 0.2105 0.2069 0.1455 0.2034 0.2542 0.1636 0.2034 0.0000 0.2203 0.2931
XiAn_Man   0.0820 0.1111 0.1167 0.1525 0.1400 0.1273 0.0656 0.0656 0.1207 0.1525 0.1667 0.1053 0.0492 0.1311 0.2500 0.0656 0.2203 0.0000 0.2712
Xiamen_Min 0.2542 0.1887 0.2712 0.2281 0.2708 0.2830 0.2542 0.2712 0.2500 0.2456 0.3103 0.2545 0.2542 0.3220 0.2778 0.2881 0.2931 0.2712 0.0000
