 19
Beijing_Man 0.0000 0.5424 0.6271 0.8136 0.4915 0.6102 0.3898 0.3051 0.6102 0.7458 0.8983 0.5424 0.3559 0.3898 0.8305 0.3559 0.8475 0.8966 0.4746
Changsha_Xi 0.5424 0.0000 0.7288 0.8475 0.6610 0.5254 0.4915 0.4068 0.5932 0.4746 0.8644 0.5085 0.4407 0.5424 0.7797 0.5593 0.8814 0.8793 0.6610
Chengdu_Man 0.6271 0.7288 0.0000 0.9322 0.8475 0.7627 0.4915 0.5424 0.7627 0.7966 0.8814 0.7458 0.4915 0.6102 0.8814 0.5424 0.9492 0.9655 0.6102
Fuzhou_Min 0.8136 0.8475 0.9322 0.0000 0.8305 0.8644 0.8644 0.8644 0.8475 0.8983 0.8814 0.8644 0.8475 0.8983 0.8644 0.8305 0.8814 0.8103 0.8983
Guangzhou_Y 0.4915 0.6610 0.8475 0.8305 0.0000 0.6271 0.7797 0.6780 0.6949 0.7627 0.8475 0.6610 0.6441 0.6610 0.8475 0.6271 0.8136 0.9138 0.6780
Guilin_Pin 0.6102 0.5254 0.7627 0.8644 0.6271 0.0000 0.6271 0.5593 0.6610 0.6949 0.8475 0.5254 0.5085 0.6102 0.7797 0.6102 0.8305 0.8966 0.6610
Haerbin_Man 0.3898 0.4915 0.4915 0.8644 0.7797 0.6271 0.0000 0.2034 0.6271 0.6949 0.8644 0.5593 0.2373 0.3559 0.8305 0.3729 0.9153 0.9138 0.5085
Jinan_Man  0.3051 0.4068 0.5424 0.8644 0.6780 0.5593 0.2034 0.0000 0.5932 0.6780 0.8814 0.4915 0.1695 0.3390 0.7966 0.3220 0.8814 0.9138 0.5085
Jixi_Hui   0.6102 0.5932 0.7627 0.8475 0.6949 0.6610 0.6271 0.5932 0.0000 0.7288 0.8814 0.6441 0.5593 0.6441 0.8136 0.6610 0.8305 0.8966 0.6610
Loudi_Xia  0.7458 0.4746 0.7966 0.8983 0.7627 0.6949 0.6949 0.6780 0.7288 0.0000 0.7966 0.6441 0.6949 0.7119 0.7966 0.6949 0.8814 0.8966 0.7288
Meixian_Hak 0.8983 0.8644 0.8814 0.8814 0.8475 0.8475 0.8644 0.8814 0.8814 0.7966 0.0000 0.8305 0.8644 0.8814 0.9153 0.8136 0.8814 0.9138 0.9153
Nanchang_Ga 0.5424 0.5085 0.7458 0.8644 0.6610 0.5254 0.5593 0.4915 0.6441 0.6441 0.8305 0.0000 0.4746 0.5763 0.7627 0.5593 0.7966 0.8793 0.6610
Nanjing_Man 0.3559 0.4407 0.4915 0.8475 0.6441 0.5085 0.2373 0.1695 0.5593 0.6949 0.8644 0.4746 0.0000 0.3220 0.7627 0.3051 0.8644 0.8793 0.4407
Rongcheng_M 0.3898 0.5424 0.6102 0.8983 0.6610 0.6102 0.3559 0.3390 0.6441 0.7119 0.8814 0.5763 0.3220 0.0000 0.8136 0.4237 0.8475 0.9310 0.5085
Suzhou_Wu  0.8305 0.7797 0.8814 0.8644 0.8475 0.7797 0.8305 0.7966 0.8136 0.7966 0.9153 0.7627 0.7627 0.8136 0.0000 0.7458 0.7119 0.8448 0.7627
Taiyuan_Jin 0.3559 0.5593 0.5424 0.8305 0.6271 0.6102 0.3729 0.3220 0.6610 0.6949 0.8136 0.5593 0.3051 0.4237 0.7458 0.0000 0.8305 0.9310 0.4915
Wenzhou_Wu 0.8475 0.8814 0.9492 0.8814 0.8136 0.8305 0.9153 0.8814 0.8305 0.8814 0.8814 0.7966 0.8644 0.8475 0.7119 0.8305 0.0000 0.8448 0.8644
Xiamen_Min 0.8966 0.8793 0.9655 0.8103 0.9138 0.8966 0.9138 0.9138 0.8966 0.8966 0.9138 0.8793 0.8793 0.9310 0.8448 0.9310 0.8448 0.0000 0.9310
XiAn_Man   0.4746 0.6610 0.6102 0.8983 0.6780 0.6610 0.5085 0.5085 0.6610 0.7288 0.9153 0.6610 0.4407 0.5085 0.7627 0.4915 0.8644 0.9310 0.0000
