 19
Beijing_Man 0.0000 0.4815 0.6167 0.8136 0.4000 0.5818 0.3770 0.3115 0.5862 0.7288 0.9000 0.4912 0.3607 0.3934 0.8214 0.3443 0.8475 0.4590 0.8983
Changsha_Xi 0.4815 0.0000 0.6852 0.8269 0.5652 0.4400 0.4259 0.3333 0.5385 0.4074 0.8519 0.4118 0.3704 0.4815 0.7400 0.5000 0.8679 0.6111 0.8679
Chengdu_Man 0.6167 0.6852 0.0000 0.9310 0.8163 0.7407 0.4833 0.5333 0.7544 0.7759 0.8814 0.7143 0.4833 0.6000 0.8727 0.5333 0.9492 0.6000 0.9661
Fuzhou_Min 0.8136 0.8269 0.9310 0.0000 0.8000 0.8491 0.8644 0.8644 0.8393 0.8947 0.8793 0.8545 0.8475 0.8983 0.8545 0.8305 0.8793 0.8983 0.8070
Guangzhou_Y 0.4000 0.5652 0.8163 0.8000 0.0000 0.5111 0.7400 0.6200 0.6170 0.7143 0.8200 0.5652 0.5800 0.6000 0.8125 0.5600 0.7755 0.6200 0.8958
Guilin_Pin 0.5818 0.4400 0.7407 0.8491 0.5111 0.0000 0.6000 0.5273 0.6111 0.6667 0.8333 0.4717 0.4727 0.5818 0.7547 0.5818 0.8113 0.6364 0.8679
Haerbin_Man 0.3770 0.4259 0.4833 0.8644 0.7400 0.6000 0.0000 0.2131 0.6034 0.6780 0.8667 0.5088 0.2459 0.3607 0.8214 0.3607 0.9153 0.4918 0.9153
Jinan_Man  0.3115 0.3333 0.5333 0.8644 0.6200 0.5273 0.2131 0.0000 0.5862 0.6610 0.8833 0.4561 0.1803 0.3443 0.7857 0.3279 0.8814 0.5082 0.9153
Jixi_Hui   0.5862 0.5385 0.7544 0.8393 0.6170 0.6111 0.6034 0.5862 0.0000 0.7193 0.8772 0.6000 0.5517 0.6379 0.7925 0.6379 0.8214 0.6379 0.8750
Loudi_Xia  0.7288 0.4074 0.7759 0.8947 0.7143 0.6667 0.6780 0.6610 0.7193 0.0000 0.7966 0.6071 0.6610 0.6780 0.7778 0.6780 0.8772 0.7119 0.8947
Meixian_Hak 0.9000 0.8519 0.8814 0.8793 0.8200 0.8333 0.8667 0.8833 0.8772 0.7966 0.0000 0.8214 0.8667 0.8833 0.9091 0.8167 0.8793 0.9167 0.9138
Nanchang_Ga 0.4912 0.4118 0.7143 0.8545 0.5652 0.4717 0.5088 0.4561 0.6000 0.6071 0.8214 0.0000 0.4386 0.5439 0.7358 0.5088 0.7818 0.6140 0.8727
Nanjing_Man 0.3607 0.3704 0.4833 0.8475 0.5800 0.4727 0.2459 0.1803 0.5517 0.6610 0.8667 0.4386 0.0000 0.3115 0.7500 0.3115 0.8644 0.4426 0.8814
Rongcheng_M 0.3934 0.4815 0.6000 0.8983 0.6000 0.5818 0.3607 0.3443 0.6379 0.6780 0.8833 0.5439 0.3115 0.0000 0.8036 0.4262 0.8475 0.5082 0.9322
Suzhou_Wu  0.8214 0.7400 0.8727 0.8545 0.8125 0.7547 0.8214 0.7857 0.7925 0.7778 0.9091 0.7358 0.7500 0.8036 0.0000 0.7321 0.6909 0.7500 0.8333
Taiyuan_Jin 0.3443 0.5000 0.5333 0.8305 0.5600 0.5818 0.3607 0.3279 0.6379 0.6780 0.8167 0.5088 0.3115 0.4262 0.7321 0.0000 0.8305 0.4754 0.9322
Wenzhou_Wu 0.8475 0.8679 0.9492 0.8793 0.7755 0.8113 0.9153 0.8814 0.8214 0.8772 0.8793 0.7818 0.8644 0.8475 0.6909 0.8305 0.0000 0.8644 0.8448
XiAn_Man   0.4590 0.6111 0.6000 0.8983 0.6200 0.6364 0.4918 0.5082 0.6379 0.7119 0.9167 0.6140 0.4426 0.5082 0.7500 0.4754 0.8644 0.0000 0.9322
Xiamen_Min 0.8983 0.8679 0.9661 0.8070 0.8958 0.8679 0.9153 0.9153 0.8750 0.8947 0.9138 0.8727 0.8814 0.9322 0.8333 0.9322 0.8448 0.9322 0.0000
