 19
Beijing_Man 0.0000 0.3519 0.4500 0.6780 0.3400 0.4727 0.2623 0.1967 0.4483 0.5424 0.6833 0.3860 0.2623 0.3279 0.6429 0.2459 0.6780 0.3607 0.7288
Changsha_Xi 0.3519 0.0000 0.4815 0.6154 0.3696 0.3400 0.3889 0.2963 0.3269 0.1852 0.5741 0.2353 0.3333 0.4074 0.5800 0.3704 0.6415 0.4630 0.7170
Chengdu_Man 0.4500 0.4815 0.0000 0.7414 0.6327 0.5926 0.2667 0.3667 0.5263 0.5862 0.7119 0.5179 0.3333 0.4167 0.6727 0.4167 0.7288 0.3667 0.7797
Fuzhou_Min 0.6780 0.6154 0.7414 0.0000 0.7000 0.6604 0.7119 0.6780 0.6786 0.7193 0.6724 0.6364 0.6780 0.7119 0.6545 0.6949 0.7414 0.7119 0.4912
Guangzhou_Y 0.3400 0.3696 0.6327 0.7000 0.0000 0.3333 0.5800 0.4400 0.4468 0.4898 0.5600 0.3913 0.4000 0.5000 0.6250 0.4000 0.6122 0.4600 0.7708
Guilin_Pin 0.4727 0.3400 0.5926 0.6604 0.3333 0.0000 0.5636 0.4727 0.4259 0.4815 0.5185 0.3585 0.4364 0.5273 0.6604 0.4727 0.6415 0.5636 0.7358
Haerbin_Man 0.2623 0.3889 0.2667 0.7119 0.5800 0.5636 0.0000 0.1803 0.5000 0.5424 0.6833 0.4386 0.2131 0.2951 0.6786 0.2623 0.7288 0.3607 0.7458
Jinan_Man  0.1967 0.2963 0.3667 0.6780 0.4400 0.4727 0.1803 0.0000 0.4483 0.4915 0.6833 0.3509 0.1475 0.2787 0.6429 0.2295 0.6949 0.3607 0.7288
Jixi_Hui   0.4483 0.3269 0.5263 0.6786 0.4468 0.4259 0.5000 0.4483 0.0000 0.4386 0.5614 0.3636 0.4483 0.5000 0.5283 0.4483 0.5714 0.4483 0.7143
Loudi_Xia  0.5424 0.1852 0.5862 0.7193 0.4898 0.4815 0.5424 0.4915 0.4386 0.0000 0.5424 0.3750 0.5085 0.5424 0.5370 0.5085 0.6316 0.5424 0.7544
Meixian_Hak 0.6833 0.5741 0.7119 0.6724 0.5600 0.5185 0.6833 0.6833 0.5614 0.5424 0.0000 0.5536 0.6833 0.6833 0.6364 0.6333 0.6207 0.7000 0.6724
Nanchang_Ga 0.3860 0.2353 0.5179 0.6364 0.3913 0.3585 0.4386 0.3509 0.3636 0.3750 0.5536 0.0000 0.3684 0.4561 0.5283 0.3684 0.5818 0.4737 0.7091
Nanjing_Man 0.2623 0.3333 0.3333 0.6780 0.4000 0.4364 0.2131 0.1475 0.4483 0.5085 0.6833 0.3684 0.0000 0.2131 0.6429 0.2459 0.6949 0.2951 0.7288
Rongcheng_M 0.3279 0.4074 0.4167 0.7119 0.5000 0.5273 0.2951 0.2787 0.5000 0.5424 0.6833 0.4561 0.2131 0.0000 0.6250 0.3279 0.6949 0.3934 0.7627
Suzhou_Wu  0.6429 0.5800 0.6727 0.6545 0.6250 0.6604 0.6786 0.6429 0.5283 0.5370 0.6364 0.5283 0.6429 0.6250 0.0000 0.5893 0.4727 0.5893 0.6667
Taiyuan_Jin 0.2459 0.3704 0.4167 0.6949 0.4000 0.4727 0.2623 0.2295 0.4483 0.5085 0.6333 0.3684 0.2459 0.3279 0.5893 0.0000 0.6780 0.3607 0.7458
Wenzhou_Wu 0.6780 0.6415 0.7288 0.7414 0.6122 0.6415 0.7288 0.6949 0.5714 0.6316 0.6207 0.5818 0.6949 0.6949 0.4727 0.6780 0.0000 0.7119 0.7069
XiAn_Man   0.3607 0.4630 0.3667 0.7119 0.4600 0.5636 0.3607 0.3607 0.4483 0.5424 0.7000 0.4737 0.2951 0.3934 0.5893 0.3607 0.7119 0.0000 0.7627
Xiamen_Min 0.7288 0.7170 0.7797 0.4912 0.7708 0.7358 0.7458 0.7288 0.7143 0.7544 0.6724 0.7091 0.7288 0.7627 0.6667 0.7458 0.7069 0.7627 0.0000
