 19
Beijing_Man 0.0000 0.3220 0.2034 0.4915 0.3559 0.3729 0.1186 0.0678 0.3051 0.2881 0.4237 0.2881 0.1017 0.2034 0.4576 0.1356 0.4576 0.1356 0.5345
Changsha_Xi 0.3220 0.0000 0.3220 0.5085 0.3729 0.3051 0.3390 0.2881 0.2542 0.1864 0.3559 0.2712 0.3051 0.3559 0.4237 0.2881 0.4407 0.3390 0.5690
Chengdu_Man 0.2034 0.3220 0.0000 0.5085 0.4068 0.3559 0.1695 0.2034 0.2881 0.2712 0.3898 0.3390 0.2034 0.2203 0.4237 0.2203 0.4237 0.2034 0.5345
Fuzhou_Min 0.4915 0.5085 0.5085 0.0000 0.5763 0.5424 0.4576 0.4576 0.5254 0.5593 0.5254 0.4915 0.4407 0.4576 0.5932 0.4746 0.5763 0.4915 0.4138
Guangzhou_Y 0.3559 0.3729 0.4068 0.5763 0.0000 0.4407 0.4237 0.3559 0.4237 0.4237 0.4576 0.4407 0.3559 0.4407 0.5424 0.3729 0.4746 0.3729 0.6207
Guilin_Pin 0.3729 0.3051 0.3559 0.5424 0.4407 0.0000 0.3898 0.3559 0.3051 0.3220 0.3729 0.3220 0.3559 0.3898 0.4746 0.3220 0.4576 0.3898 0.5862
Haerbin_Man 0.1186 0.3390 0.1695 0.4576 0.4237 0.3898 0.0000 0.1186 0.3220 0.3220 0.4237 0.3051 0.1017 0.1525 0.4576 0.1525 0.4237 0.1864 0.5000
Jinan_Man  0.0678 0.2881 0.2034 0.4576 0.3559 0.3559 0.1186 0.0000 0.3051 0.2881 0.4237 0.2712 0.0678 0.1695 0.4576 0.0678 0.4576 0.1525 0.5172
Jixi_Hui   0.3051 0.2542 0.2881 0.5254 0.4237 0.3051 0.3220 0.3051 0.0000 0.2373 0.3220 0.2881 0.3051 0.3220 0.4068 0.2542 0.4068 0.3559 0.5345
Loudi_Xia  0.2881 0.1864 0.2712 0.5593 0.4237 0.3220 0.3220 0.2881 0.2373 0.0000 0.3390 0.2881 0.2881 0.3220 0.3559 0.2712 0.4407 0.3051 0.5690
Meixian_Hak 0.4237 0.3559 0.3898 0.5254 0.4576 0.3729 0.4237 0.4237 0.3220 0.3390 0.0000 0.3390 0.4237 0.4237 0.4576 0.3729 0.3729 0.4576 0.4828
Nanchang_Ga 0.2881 0.2712 0.3390 0.4915 0.4407 0.3220 0.3051 0.2712 0.2881 0.2881 0.3390 0.0000 0.2712 0.3390 0.4068 0.2542 0.3898 0.3898 0.5172
Nanjing_Man 0.1017 0.3051 0.2034 0.4407 0.3559 0.3559 0.1017 0.0678 0.3051 0.2881 0.4237 0.2712 0.0000 0.1017 0.4407 0.0678 0.4407 0.1525 0.5172
Rongcheng_M 0.2034 0.3559 0.2203 0.4576 0.4407 0.3898 0.1525 0.1695 0.3220 0.3220 0.4237 0.3390 0.1017 0.0000 0.4407 0.1695 0.4407 0.2373 0.5345
Suzhou_Wu  0.4576 0.4237 0.4237 0.5932 0.5424 0.4746 0.4576 0.4576 0.4068 0.3559 0.4576 0.4068 0.4407 0.4407 0.0000 0.4237 0.3898 0.4237 0.5690
Taiyuan_Jin 0.1356 0.2881 0.2203 0.4746 0.3729 0.3220 0.1525 0.0678 0.2542 0.2712 0.3729 0.2542 0.0678 0.1695 0.4237 0.0000 0.4407 0.1864 0.5345
Wenzhou_Wu 0.4576 0.4407 0.4237 0.5763 0.4746 0.4576 0.4237 0.4576 0.4068 0.4407 0.3729 0.3898 0.4407 0.4407 0.3898 0.4407 0.0000 0.4915 0.5345
XiAn_Man   0.1356 0.3390 0.2034 0.4915 0.3729 0.3898 0.1864 0.1525 0.3559 0.3051 0.4576 0.3898 0.1525 0.2373 0.4237 0.1864 0.4915 0.0000 0.5690
Xiamen_Min 0.5345 0.5690 0.5345 0.4138 0.6207 0.5862 0.5000 0.5172 0.5345 0.5690 0.4828 0.5172 0.5172 0.5345 0.5690 0.5345 0.5345 0.5690 0.0000
