 19
Beijing_Man 0.0000 0.2545 0.2000 0.4426 0.2115 0.2931 0.1129 0.0484 0.2712 0.2833 0.3770 0.1897 0.0645 0.1935 0.4138 0.0968 0.4333 0.1129 0.5167
Changsha_Xi 0.2545 0.0000 0.2407 0.4630 0.2292 0.1509 0.2545 0.2182 0.1321 0.0909 0.2909 0.1346 0.2182 0.2727 0.2885 0.2182 0.3704 0.2727 0.5185
Chengdu_Man 0.2000 0.2407 0.0000 0.4746 0.2941 0.2500 0.1667 0.2000 0.2456 0.2414 0.3559 0.2679 0.1667 0.2167 0.3571 0.1833 0.4068 0.1667 0.5254
Fuzhou_Min 0.4426 0.4630 0.4746 0.0000 0.4808 0.4912 0.4098 0.4426 0.4828 0.5593 0.5000 0.4211 0.4098 0.4426 0.5517 0.4426 0.5333 0.4590 0.4237
Guangzhou_Y 0.2115 0.2292 0.2941 0.4808 0.0000 0.2857 0.3077 0.2308 0.2857 0.3333 0.3846 0.2500 0.2308 0.3462 0.4314 0.2692 0.3725 0.2692 0.5600
Guilin_Pin 0.2931 0.1509 0.2500 0.4912 0.2857 0.0000 0.3103 0.2759 0.2105 0.2105 0.2807 0.2143 0.2759 0.3103 0.3750 0.2414 0.3750 0.3103 0.5179
Haerbin_Man 0.1129 0.2545 0.1667 0.4098 0.3077 0.3103 0.0000 0.1129 0.2881 0.3000 0.3770 0.2241 0.0645 0.1290 0.3793 0.1129 0.4000 0.1613 0.4833
Jinan_Man  0.0484 0.2182 0.2000 0.4426 0.2308 0.2759 0.1129 0.0000 0.2712 0.2833 0.3934 0.1897 0.0645 0.1774 0.4138 0.0806 0.4500 0.1613 0.5000
Jixi_Hui   0.2712 0.1321 0.2456 0.4828 0.2857 0.2105 0.2881 0.2712 0.0000 0.1897 0.2759 0.1786 0.2712 0.3051 0.3091 0.2034 0.3509 0.3051 0.5088
Loudi_Xia  0.2833 0.0909 0.2414 0.5593 0.3333 0.2105 0.3000 0.2833 0.1897 0.0000 0.3167 0.2281 0.2500 0.2833 0.2679 0.2667 0.4138 0.3000 0.5517
Meixian_Hak 0.3770 0.2909 0.3559 0.5000 0.3846 0.2807 0.3770 0.3934 0.2759 0.3167 0.0000 0.2807 0.3934 0.3934 0.4035 0.3115 0.3559 0.3934 0.4576
Nanchang_Ga 0.1897 0.1346 0.2679 0.4211 0.2500 0.2143 0.2241 0.1897 0.1786 0.2281 0.2807 0.0000 0.2069 0.2931 0.3091 0.1724 0.3214 0.3103 0.4821
Nanjing_Man 0.0645 0.2182 0.1667 0.4098 0.2308 0.2759 0.0645 0.0645 0.2712 0.2500 0.3934 0.2069 0.0000 0.0806 0.3793 0.0806 0.4500 0.1290 0.5000
Rongcheng_M 0.1935 0.2727 0.2167 0.4426 0.3462 0.3103 0.1290 0.1774 0.3051 0.2833 0.3934 0.2931 0.0806 0.0000 0.3793 0.1774 0.4500 0.2419 0.5167
Suzhou_Wu  0.4138 0.2885 0.3571 0.5517 0.4314 0.3750 0.3793 0.4138 0.3091 0.2679 0.4035 0.3091 0.3793 0.3793 0.0000 0.3793 0.3509 0.3793 0.5357
Taiyuan_Jin 0.0968 0.2182 0.1833 0.4426 0.2692 0.2414 0.1129 0.0806 0.2034 0.2667 0.3115 0.1724 0.0806 0.1774 0.3793 0.0000 0.4167 0.1613 0.5000
Wenzhou_Wu 0.4333 0.3704 0.4068 0.5333 0.3725 0.3750 0.4000 0.4500 0.3509 0.4138 0.3559 0.3214 0.4500 0.4500 0.3509 0.4167 0.0000 0.4500 0.5424
XiAn_Man   0.1129 0.2727 0.1667 0.4590 0.2692 0.3103 0.1613 0.1613 0.3051 0.3000 0.3934 0.3103 0.1290 0.2419 0.3793 0.1613 0.4500 0.0000 0.5333
Xiamen_Min 0.5167 0.5185 0.5254 0.4237 0.5600 0.5179 0.4833 0.5000 0.5088 0.5517 0.4576 0.4821 0.5000 0.5167 0.5357 0.5000 0.5424 0.5333 0.0000
