 19
Beijing_Man 0.0000 0.2407 0.2000 0.4746 0.2400 0.3091 0.1148 0.0820 0.2586 0.2712 0.4000 0.2281 0.1148 0.2131 0.4286 0.1311 0.4407 0.1311 0.5254
Changsha_Xi 0.2407 0.0000 0.2407 0.4423 0.1957 0.1600 0.2593 0.2037 0.1346 0.0926 0.2778 0.1373 0.2222 0.2778 0.3200 0.2037 0.3774 0.2593 0.5094
Chengdu_Man 0.2000 0.2407 0.0000 0.5000 0.2857 0.2778 0.1667 0.2000 0.2456 0.2414 0.3729 0.2857 0.2000 0.2167 0.3818 0.2167 0.4237 0.2000 0.5254
Fuzhou_Min 0.4746 0.4423 0.5000 0.0000 0.5000 0.4906 0.4407 0.4576 0.4821 0.5439 0.5000 0.4364 0.4407 0.4576 0.5636 0.4576 0.5517 0.4746 0.4035
Guangzhou_Y 0.2400 0.1957 0.2857 0.5000 0.0000 0.2667 0.3200 0.2400 0.2766 0.3061 0.3600 0.2826 0.2400 0.3400 0.4375 0.2600 0.3673 0.2600 0.5417
Guilin_Pin 0.3091 0.1600 0.2778 0.4906 0.2667 0.0000 0.3273 0.2909 0.2222 0.2407 0.2963 0.2264 0.2909 0.3273 0.4151 0.2545 0.3962 0.3273 0.5283
Haerbin_Man 0.1148 0.2593 0.1667 0.4407 0.3200 0.3273 0.0000 0.1311 0.2759 0.3051 0.4000 0.2456 0.1148 0.1639 0.4286 0.1475 0.4068 0.1803 0.4915
Jinan_Man  0.0820 0.2037 0.2000 0.4576 0.2400 0.2909 0.1311 0.0000 0.2759 0.2712 0.4167 0.2281 0.0820 0.1803 0.4286 0.0820 0.4576 0.1639 0.5085
Jixi_Hui   0.2586 0.1346 0.2456 0.4821 0.2766 0.2222 0.2759 0.2759 0.0000 0.1930 0.2632 0.2000 0.2759 0.2931 0.3396 0.2069 0.3571 0.3103 0.5000
Loudi_Xia  0.2712 0.0926 0.2414 0.5439 0.3061 0.2407 0.3051 0.2712 0.1930 0.0000 0.3220 0.2321 0.2542 0.2881 0.2963 0.2542 0.4211 0.2881 0.5439
Meixian_Hak 0.4000 0.2778 0.3729 0.5000 0.3600 0.2963 0.4000 0.4167 0.2632 0.3220 0.0000 0.2679 0.4167 0.4167 0.4182 0.3500 0.3448 0.4333 0.4655
Nanchang_Ga 0.2281 0.1373 0.2857 0.4364 0.2826 0.2264 0.2456 0.2281 0.2000 0.2321 0.2679 0.0000 0.2281 0.2982 0.3396 0.1930 0.3273 0.3333 0.4727
Nanjing_Man 0.1148 0.2222 0.2000 0.4407 0.2400 0.2909 0.1148 0.0820 0.2759 0.2542 0.4167 0.2281 0.0000 0.0984 0.4107 0.0820 0.4407 0.1639 0.5085
Rongcheng_M 0.2131 0.2778 0.2167 0.4576 0.3400 0.3273 0.1639 0.1803 0.2931 0.2881 0.4167 0.2982 0.0984 0.0000 0.4107 0.1803 0.4407 0.2459 0.5254
Suzhou_Wu  0.4286 0.3200 0.3818 0.5636 0.4375 0.4151 0.4286 0.4286 0.3396 0.2963 0.4182 0.3396 0.4107 0.4107 0.0000 0.3929 0.3455 0.3929 0.5370
Taiyuan_Jin 0.1311 0.2037 0.2167 0.4576 0.2600 0.2545 0.1475 0.0820 0.2069 0.2542 0.3500 0.1930 0.0820 0.1803 0.3929 0.0000 0.4237 0.1803 0.5254
Wenzhou_Wu 0.4407 0.3774 0.4237 0.5517 0.3673 0.3962 0.4068 0.4576 0.3571 0.4211 0.3448 0.3273 0.4407 0.4407 0.3455 0.4237 0.0000 0.4746 0.5345
XiAn_Man   0.1311 0.2593 0.2000 0.4746 0.2600 0.3273 0.1803 0.1639 0.3103 0.2881 0.4333 0.3333 0.1639 0.2459 0.3929 0.1803 0.4746 0.0000 0.5593
Xiamen_Min 0.5254 0.5094 0.5254 0.4035 0.5417 0.5283 0.4915 0.5085 0.5000 0.5439 0.4655 0.4727 0.5085 0.5254 0.5370 0.5254 0.5345 0.5593 0.0000
