 19
Beijing_Man 0.0000 0.0758 0.3485 0.5758 0.2576 0.4545 0.1667 0.1061 0.3333 0.4545 0.5303 0.1818 0.1515 0.2576 0.5909 0.1515 0.5758 0.2727 0.7538
Changsha_Xi 0.0758 0.0000 0.3485 0.5152 0.2576 0.3788 0.1364 0.1061 0.2879 0.3030 0.4697 0.1515 0.0909 0.2121 0.5152 0.1667 0.5455 0.2727 0.7077
Chengdu_Man 0.3485 0.3485 0.0000 0.6212 0.4848 0.4848 0.2879 0.3939 0.3788 0.5152 0.5303 0.3485 0.2576 0.3939 0.5455 0.3030 0.6061 0.3182 0.7385
Fuzhou_Min 0.5758 0.5152 0.6212 0.0000 0.6212 0.6061 0.5909 0.5758 0.6061 0.6212 0.6364 0.5152 0.5303 0.6212 0.6364 0.5455 0.6667 0.5909 0.6000
Guangzhou_Y 0.2576 0.2576 0.4848 0.6212 0.0000 0.4697 0.4242 0.3030 0.4242 0.4697 0.5152 0.3182 0.2879 0.4242 0.5758 0.3333 0.5909 0.3636 0.7692
Guilin_Pin 0.4545 0.3788 0.4848 0.6061 0.4697 0.0000 0.5000 0.4242 0.3636 0.5000 0.5455 0.3636 0.3636 0.5000 0.5606 0.4697 0.5909 0.5000 0.7231
Haerbin_Man 0.1667 0.1364 0.2879 0.5909 0.4242 0.5000 0.0000 0.1818 0.3636 0.4545 0.5606 0.2576 0.1818 0.2121 0.5455 0.1818 0.5909 0.3030 0.7538
Jinan_Man  0.1061 0.1061 0.3939 0.5758 0.3030 0.4242 0.1818 0.0000 0.3333 0.4545 0.5909 0.2121 0.1515 0.2424 0.5455 0.1970 0.5909 0.3182 0.7231
Jixi_Hui   0.3333 0.2879 0.3788 0.6061 0.4242 0.3636 0.3636 0.3333 0.0000 0.4242 0.5000 0.3030 0.2879 0.3788 0.4848 0.3636 0.5455 0.3485 0.7231
Loudi_Xia  0.4545 0.3030 0.5152 0.6212 0.4697 0.5000 0.4545 0.4545 0.4242 0.0000 0.5000 0.3636 0.4242 0.4848 0.4697 0.4242 0.5606 0.4697 0.7692
Meixian_Hak 0.5303 0.4697 0.5303 0.6364 0.5152 0.5455 0.5606 0.5909 0.5000 0.5000 0.0000 0.4697 0.5303 0.5909 0.6364 0.5000 0.5606 0.5455 0.7231
Nanchang_Ga 0.1818 0.1515 0.3485 0.5152 0.3182 0.3636 0.2576 0.2121 0.3030 0.3636 0.4697 0.0000 0.1515 0.3333 0.4697 0.1970 0.4848 0.3333 0.6923
Nanjing_Man 0.1515 0.0909 0.2576 0.5303 0.2879 0.3636 0.1818 0.1515 0.2879 0.4242 0.5303 0.1515 0.0000 0.1667 0.5152 0.1515 0.5758 0.1970 0.6923
Rongcheng_M 0.2576 0.2121 0.3939 0.6212 0.4242 0.5000 0.2121 0.2424 0.3788 0.4848 0.5909 0.3333 0.1667 0.0000 0.5606 0.2879 0.6515 0.3636 0.7846
Suzhou_Wu  0.5909 0.5152 0.5455 0.6364 0.5758 0.5606 0.5455 0.5455 0.4848 0.4697 0.6364 0.4697 0.5152 0.5606 0.0000 0.5455 0.5303 0.5152 0.7077
Taiyuan_Jin 0.1515 0.1667 0.3030 0.5455 0.3333 0.4697 0.1818 0.1970 0.3636 0.4242 0.5000 0.1970 0.1515 0.2879 0.5455 0.0000 0.5909 0.3030 0.7231
Wenzhou_Wu 0.5758 0.5455 0.6061 0.6667 0.5909 0.5909 0.5909 0.5909 0.5455 0.5606 0.5606 0.4848 0.5758 0.6515 0.5303 0.5909 0.0000 0.5758 0.7077
XiAn_Man   0.2727 0.2727 0.3182 0.5909 0.3636 0.5000 0.3030 0.3182 0.3485 0.4697 0.5455 0.3333 0.1970 0.3636 0.5152 0.3030 0.5758 0.0000 0.7077
Xiamen_Min 0.7538 0.7077 0.7385 0.6000 0.7692 0.7231 0.7538 0.7231 0.7231 0.7692 0.7231 0.6923 0.6923 0.7846 0.7077 0.7231 0.7077 0.7077 0.0000
