 19
Beijing_Man 0.0000 0.2273 0.5758 0.7576 0.3030 0.5758 0.3485 0.2727 0.5303 0.6970 0.8333 0.3485 0.3333 0.3636 0.7727 0.2273 0.7273 0.3939 0.8923
Changsha_Xi 0.2273 0.0000 0.5455 0.7727 0.4545 0.4242 0.2273 0.1667 0.4697 0.4394 0.8030 0.2424 0.1667 0.3333 0.6515 0.2424 0.7576 0.3939 0.8615
Chengdu_Man 0.5758 0.5455 0.0000 0.8636 0.7273 0.6515 0.4848 0.5303 0.6515 0.7121 0.8333 0.5606 0.4242 0.5758 0.7727 0.4091 0.8485 0.5909 0.9231
Fuzhou_Min 0.7576 0.7727 0.8636 0.0000 0.7727 0.8333 0.8182 0.8182 0.8333 0.8788 0.8788 0.8030 0.7879 0.8485 0.8333 0.7576 0.8182 0.8182 0.8154
Guangzhou_Y 0.3030 0.4545 0.7273 0.7727 0.0000 0.6212 0.6212 0.5152 0.6061 0.7121 0.8030 0.5000 0.5000 0.5606 0.7727 0.4545 0.7273 0.5152 0.8923
Guilin_Pin 0.5758 0.4242 0.6515 0.8333 0.6212 0.0000 0.5606 0.4848 0.5455 0.6667 0.8333 0.4242 0.4242 0.5606 0.6818 0.5606 0.7879 0.6061 0.8615
Haerbin_Man 0.3485 0.2273 0.4848 0.8182 0.6212 0.5606 0.0000 0.1970 0.5152 0.6061 0.8182 0.3485 0.2273 0.3182 0.7273 0.2727 0.8182 0.4394 0.8923
Jinan_Man  0.2727 0.1667 0.5303 0.8182 0.5152 0.4848 0.1970 0.0000 0.5152 0.6212 0.8485 0.3333 0.1667 0.3182 0.7121 0.2576 0.8030 0.4697 0.8923
Jixi_Hui   0.5303 0.4697 0.6515 0.8333 0.6061 0.5455 0.5152 0.5152 0.0000 0.6515 0.8030 0.5455 0.4394 0.5909 0.6970 0.5606 0.7576 0.5152 0.8462
Loudi_Xia  0.6970 0.4394 0.7121 0.8788 0.7121 0.6667 0.6061 0.6212 0.6515 0.0000 0.7727 0.5303 0.6061 0.6667 0.7273 0.6212 0.8030 0.6515 0.8769
Meixian_Hak 0.8333 0.8030 0.8333 0.8788 0.8030 0.8333 0.8182 0.8485 0.8030 0.7727 0.0000 0.7727 0.7879 0.8485 0.8788 0.7727 0.8182 0.8333 0.8923
Nanchang_Ga 0.3485 0.2424 0.5606 0.8030 0.5000 0.4242 0.3485 0.3333 0.5455 0.5303 0.7727 0.0000 0.2879 0.4545 0.6667 0.3333 0.6970 0.4697 0.8308
Nanjing_Man 0.3333 0.1667 0.4242 0.7879 0.5000 0.4242 0.2273 0.1667 0.4394 0.6061 0.7879 0.2879 0.0000 0.3030 0.6667 0.2273 0.7727 0.3636 0.8308
Rongcheng_M 0.3636 0.3333 0.5758 0.8485 0.5606 0.5606 0.3182 0.3182 0.5909 0.6667 0.8485 0.4545 0.3030 0.0000 0.7424 0.3485 0.8030 0.4848 0.9077
Suzhou_Wu  0.7727 0.6515 0.7727 0.8333 0.7727 0.6818 0.7273 0.7121 0.6970 0.7273 0.8788 0.6667 0.6667 0.7424 0.0000 0.6515 0.6970 0.7121 0.8154
Taiyuan_Jin 0.2273 0.2424 0.4091 0.7576 0.4545 0.5606 0.2727 0.2576 0.5606 0.6212 0.7727 0.3333 0.2273 0.3485 0.6515 0.0000 0.7576 0.4091 0.8923
Wenzhou_Wu 0.7273 0.7576 0.8485 0.8182 0.7273 0.7879 0.8182 0.8030 0.7576 0.8030 0.8182 0.6970 0.7727 0.8030 0.6970 0.7576 0.0000 0.7879 0.8308
XiAn_Man   0.3939 0.3939 0.5909 0.8182 0.5152 0.6061 0.4394 0.4697 0.5152 0.6515 0.8333 0.4697 0.3636 0.4848 0.7121 0.4091 0.7879 0.0000 0.8769
Xiamen_Min 0.8923 0.8615 0.9231 0.8154 0.8923 0.8615 0.8923 0.8923 0.8462 0.8769 0.8923 0.8308 0.8308 0.9077 0.8154 0.8923 0.8308 0.8769 0.0000
