 19
Beijing_Man 0.0000 0.0545 0.1333 0.1475 0.1154 0.1034 0.0484 0.0000 0.0847 0.1167 0.1475 0.0517 0.0323 0.1290 0.2069 0.0323 0.1833 0.0484 0.2333
Changsha_Xi 0.0545 0.0000 0.0926 0.1111 0.1042 0.0755 0.0727 0.0727 0.0755 0.0364 0.1091 0.0577 0.0545 0.1455 0.1346 0.0727 0.1481 0.0727 0.1667
Chengdu_Man 0.1333 0.0926 0.0000 0.1525 0.1765 0.1250 0.1000 0.1500 0.1228 0.1034 0.1525 0.1250 0.0833 0.1333 0.1964 0.1333 0.2034 0.0833 0.2542
Fuzhou_Min 0.1475 0.1111 0.1525 0.0000 0.1731 0.1579 0.1311 0.1639 0.1552 0.1864 0.1500 0.1228 0.1311 0.1967 0.2241 0.1475 0.2000 0.1148 0.2203
Guangzhou_Y 0.1154 0.1042 0.1765 0.1731 0.0000 0.1224 0.1731 0.1154 0.1224 0.1765 0.1731 0.0833 0.1154 0.2115 0.2549 0.1154 0.1569 0.1346 0.2600
Guilin_Pin 0.1034 0.0755 0.1250 0.1579 0.1224 0.0000 0.1034 0.1034 0.0877 0.1228 0.1053 0.0714 0.0862 0.1552 0.2143 0.0862 0.1429 0.1034 0.2500
Haerbin_Man 0.0484 0.0727 0.1000 0.1311 0.1731 0.1034 0.0000 0.0645 0.0847 0.1167 0.1311 0.0690 0.0323 0.0968 0.1897 0.0484 0.1667 0.0323 0.2333
Jinan_Man  0.0000 0.0727 0.1500 0.1639 0.1154 0.1034 0.0645 0.0000 0.0847 0.1333 0.1639 0.0517 0.0323 0.1452 0.2241 0.0323 0.2000 0.0484 0.2500
Jixi_Hui   0.0847 0.0755 0.1228 0.1552 0.1224 0.0877 0.0847 0.0847 0.0000 0.1034 0.0862 0.0714 0.0847 0.1525 0.2000 0.0678 0.1404 0.0847 0.2281
Loudi_Xia  0.1167 0.0364 0.1034 0.1864 0.1765 0.1228 0.1167 0.1333 0.1034 0.0000 0.1500 0.1228 0.0833 0.1667 0.1786 0.1333 0.1897 0.1167 0.2241
Meixian_Hak 0.1475 0.1091 0.1525 0.1500 0.1731 0.1053 0.1311 0.1639 0.0862 0.1500 0.0000 0.1053 0.1311 0.1475 0.2281 0.1311 0.1695 0.1148 0.2881
Nanchang_Ga 0.0517 0.0577 0.1250 0.1228 0.0833 0.0714 0.0690 0.0517 0.0714 0.1228 0.1053 0.0000 0.0690 0.1379 0.1818 0.0690 0.1250 0.0690 0.2321
Nanjing_Man 0.0323 0.0545 0.0833 0.1311 0.1154 0.0862 0.0323 0.0323 0.0847 0.0833 0.1311 0.0690 0.0000 0.0645 0.1724 0.0323 0.1667 0.0323 0.2167
Rongcheng_M 0.1290 0.1455 0.1333 0.1967 0.2115 0.1552 0.0968 0.1452 0.1525 0.1667 0.1475 0.1379 0.0645 0.0000 0.2241 0.1290 0.2167 0.0968 0.2833
Suzhou_Wu  0.2069 0.1346 0.1964 0.2241 0.2549 0.2143 0.1897 0.2241 0.2000 0.1786 0.2281 0.1818 0.1724 0.2241 0.0000 0.2069 0.1579 0.1897 0.2500
Taiyuan_Jin 0.0323 0.0727 0.1333 0.1475 0.1154 0.0862 0.0484 0.0323 0.0678 0.1333 0.1311 0.0690 0.0323 0.1290 0.2069 0.0000 0.1667 0.0484 0.2500
Wenzhou_Wu 0.1833 0.1481 0.2034 0.2000 0.1569 0.1429 0.1667 0.2000 0.1404 0.1897 0.1695 0.1250 0.1667 0.2167 0.1579 0.1667 0.0000 0.1667 0.2712
XiAn_Man   0.0484 0.0727 0.0833 0.1148 0.1346 0.1034 0.0323 0.0484 0.0847 0.1167 0.1148 0.0690 0.0323 0.0968 0.1897 0.0484 0.1667 0.0000 0.2333
Xiamen_Min 0.2333 0.1667 0.2542 0.2203 0.2600 0.2500 0.2333 0.2500 0.2281 0.2241 0.2881 0.2321 0.2167 0.2833 0.2500 0.2500 0.2712 0.2333 0.0000
